5783
6746
10591
4939
1529
12395
12105
8301
2635
1320
10575
15137
815
14573
8353
12198
11106
5742
214
680
15270
11175
13742
11999
4036
6498
10367
5294
370
14305
854
8277
3978
3928
2629
3599
12960
8100
10636
8170
3077
8791
4323
5015
8880
6860
11457
14057
10970
225
2572
7264
14574
186
1948
9494
6323
10086
168
4133
831
15276
14844
10505
1188
6228
3525
14827
13378
14270
150
2280
8789
7096
134
4787
8300
6238
11211
1449
5691
6691
11554
1453
13683
3913
6698
4527
9309
4805
7959
5618
3173
9986
11321
4081
881
3778
2690
12924
2902
4741
6073
11567
13557
13207
12445
6393
15390
15250
15279
4723
10467
12542
8034
211
282
12344
1662
14991
8635
3056
6619
4282
14006
9920
12615
7021
3449
12727
10801
12846
12896
9783
10403
8500
13352
3144
13437
1506
14368
10135
8998
14544
5712
14683
740
7761
5770
10942
10965
12906
13232
7235
4296
1863
8441
9782
11141
1288
14366
13067
7642
3136
13993
13701
12048
14882
13036
9535
3478
11022
1478
10641
5228
675
2754
767
5555
11274
12600
3036
9906
12905
448
9778
15044
14527
8844
6684
9449
8177
11536
8575
12364
6481
9578
5533
11935
6487
12895
644
6682
10860
6565
12964
4086
12709
3200
14237
13358
6231
4481
10031
3668
10195
4883
6294
14056
3064
8029
6095
13092
5846
13406
6057
5467
2672
13002
6680
9022
5390
4718
10848
10988
10754
13189
6765
10884
11957
724
977
3590
2085
4413
2680
5695
5887
7005
823
15156
12330
5759
2585
4096
1656
9953
1651
11240
6722
9570
11247
2147
6911
12013
5625
453
7597
1731
2018
1818
5121
1067
6223
9165
9207
919
8435
11394
2026
9818
13497
5842
1053
11350
7425
4122
4900
2839
9146
11745
13508
3396
242
3743
7746
11633
4041
12176
13507
3603
12881
13227
6154
10635
13707
15075
12529
8684
11063
3896
1455
13936
277
9923
8869
5376
12028
5169
10581
12722
15314
12831
9217
5497
4451
621
10399
12757
2587
7440
6710
1341
6905
8253
2816
12942
148
1141
13355
10141
11821
11822
14792
5503
11291
13327
6958
2073
2320
6734
7632
14890
12236
11397
9753
8201
11805
1039
4816
14220
9045
12222
7169
3795
10507
8970
4038
6185
4298
10073
5085
1459
911
14391
7804
3998
9358
5727
6749
11181
3693
14739
14167
8665
3844
620
7555
1264
9498
5483
1335
5086
9378
14265
6181
5433
9868
2045
4095
8125
5251
14920
13184
15089
3290
10671
8722
222
7552
3777
2460
9698
8917
3906
12003
7974
12208
15136
11057
9660
604
12967
3231
13837
2617
3260
5957
5630
2509
11597
10370
8651
7996
3227
4335
9099
6655
1457
11123
7077
12362
3703
6971
6844
2955
12288
7529
10394
1786
2760
14070
3142
1471
565
14254
1309
11795
2093
1609
5036
8091
1304
9909
6401
2197
13336
8046
1493
2705
67
13424
12424
10413
14649
3192
1696
3159
8940
12710
6877
6996
14794
3915
2254
8771
4196
1025
9213
342
13799
10932
8811
6657
4044
5732
9171
11641
7676
13293
7176
2397
14374
5225
5364
4619
14757
8860
8028
10002
444
5245
3627
4493
701
1681
5038
7120
12386
697
14412
9256
9781
108
4708
15395
11439
10117
10783
3916
4635
6569
10745
11087
192
9603
7049
13646
1770
12524
12319
1419
13361
7111
2644
5936
14413
10933
13255
8244
6301
1759
7023
15107
3673
8163
2418
6946
1344
6716
4728
14436
10776
6024
7842
7634
8254
2966
3024
12163
6992
11617
12658
10526
13146
10136
1666
4655
7141
6265
3160
5765
9185
8251
8445
13370
1627
4108
8905
426
872
4172
12752
1121
14226
7971
1245
5785
476
5830
13794
8237
12182
176
13206
2958
8417
388
11669
4561
1078
10868
6599
14823
9252
934
13425
12353
3002
12363
14530
2119
5799
14686
12273
534
13025
1258
11486
14097
14534
7232
1783
4984
1632
396
9932
10248
1541
8169
10251
13156
2832
12080
367
3414
4207
12231
8953
13930
1355
1580
609
12151
9065
11589
6133
8168
14143
14553
9354
10021
715
7921
9504
6906
5313
8187
14458
464
12216
8971
377
11421
7694
7554
14664
630
12285
14234
673
2586
11527
1097
12431
15077
9156
1749
14283
8599
1635
2373
8752
8208
6155
10388
13301
11777
3563
4839
5743
532
13951
1628
10742
10144
13132
4222
10654
14247
1490
10843
9173
6578
6635
7522
8306
11977
5748
7897
4524
12509
14350
8082
4841
1894
6766
1040
4620
7936
13466
414
2530
1137
10029
9052
10918
12801
11436
6871
3123
966
14473
8509
4608
7849
322
3594
14875
2253
7899
2298
2070
10627
3378
2708
6180
2528
12598
2251
11395
7281
4287
2796
12188
12164
3475
9540
2862
11173
9131
10475
13499
84
12687
270
9489
20
12141
7542
11987
4847
3121
1239
4231
12093
9871
11794
9034
3887
943
15299
13498
4590
1160
910
7420
2713
1747
14025
4339
4266
12088
2803
236
13121
4798
15023
5233
11816
9177
1477
3452
7754
8520
4572
4245
10089
285
874
229
3483
13857
5513
8580
6685
11471
8753
1649
1856
12847
9931
6135
13866
891
10771
3886
1412
7140
3843
10466
1241
4964
6163
996
4453
10890
4668
3285
2749
11966
6306
11217
7261
6759
86
7716
9506
14728
12177
9089
9528
11048
12591
13597
9872
6388
9628
6125
11030
14281
5735
5918
1314
5248
4322
1133
7660
3824
11924
15356
3724
12063
15179
11382
1722
2997
9124
10099
4232
14240
3215
12669
9268
4982
8513
6320
5074
11548
1634
11320
575
7793
13595
6413
3719
12020
13738
12304
14778
3732
14577
1270
3789
6241
15368
6711
4331
13865
2186
13721
481
12301
15265
4033
4677
2527
4950
14287
8210
4341
9772
14950
9593
12560
554
503
5734
8898
6390
11434
8801
13333
8290
13334
7546
12090
11853
14989
12676
9133
13316
3163
4671
6258
12254
2284
14687
8954
6554
9935
8326
13163
372
4808
15185
6750
8709
1752
1515
11884
3527
2416
6126
1964
10696
5091
13410
5050
9656
8521
6297
1117
4236
167
2166
7469
14850
14564
1733
10477
13800
10722
11472
9369
13169
11201
8881
3374
12098
5187
15139
14229
6932
1461
7402
3240
12361
2454
527
3510
1781
8294
14244
4724
9826
3363
7347
3466
13729
14452
2806
15317
12609
13064
5005
14261
2448
14096
12150
5590
11997
13906
9589
10510
2896
14869
9747
13271
6212
9796
12243
10946
14292
15297
14418
2918
4375
4317
8931
10106
13776
1301
13367
14523
10231
15320
7064
10234
1287
10522
10266
6966
7075
14483
1414
10881
7848
10665
4848
2537
1768
4670
1593
6090
2936
3567
3451
8694
8383
11328
3720
2133
3617
14311
1364
8103
2082
566
1790
2465
151
5530
1073
5065
9669
1100
2472
10990
3819
9253
11515
6001
7031
2684
3004
11304
8049
7778
1724
14038
7358
14053
6616
11918
2201
3523
13073
13718
9962
12738
1612
1908
2414
6624
11250
11290
13549
12702
9128
36
9800
8586
14499
2422
10795
5127
14590
10939
2366
682
1866
15229
9436
5076
5817
13924
9084
11751
11092
3912
6104
5905
7136
7881
9856
15281
2875
10543
11695
9276
10454
14660
6443
106
6938
12897
6763
10059
12746
13063
9350
5829
1397
14198
7568
942
4865
3656
10957
3521
3663
4997
209
10642
1687
11163
6659
10794
3503
2712
8367
7226
9365
13180
8805
4126
9577
5159
5622
2771
241
7931
11938
3888
744
7342
4933
13570
10832
11596
2389
8991
1857
12300
8051
6683
5039
10163
7960
13781
8129
9097
10060
1004
15330
9312
7527
8104
14707
2236
2361
3591
2107
12276
3547
1049
12310
4580
2636
2701
4996
14358
6752
2347
8867
9130
5726
1234
12975
4823
13431
3749
4367
6552
12928
11825
12084
4182
2367
10777
12774
9019
2124
13601
5241
4697
8339
10453
8547
11073
6004
10439
4083
8677
15239
6771
9451
14736
11742
4018
5195
11107
1460
9939
159
8686
8329
12782
14645
6285
14278
9152
498
14884
4669
3712
5899
14013
6859
8449
9679
7040
530
1059
14176
6891
1122
6316
10171
12205
707
8434
7375
3238
13543
7219
10583
619
9841
7170
936
1020
12053
946
5919
1552
15169
13402
483
11357
14298
7412
14560
4146
14239
8130
6674
13072
13077
9405
4813
10894
3715
14769
3959
14967
4745
4037
13784
11998
262
8501
3600
14625
7071
7637
4464
13222
14699
12761
15094
14963
2444
10072
13261
1560
8165
10323
6479
7304
10652
153
2180
14976
3738
6286
2681
14874
9810
3465
6940
13522
10809
2086
14123
10492
8903
14094
14341
14242
7837
101
6014
14126
15311
3577
3353
4162
11844
11039
3099
13913
5888
170
4385
14420
7990
2413
2596
51
7436
4549
13133
4949
5429
1838
13966
310
3568
4991
10184
4973
12113
1262
11276
7530
12926
11054
10202
4176
1709
15333
6467
12795
1148
8839
4778
13787
11
4470
3012
13807
12596
8142
14777
3910
300
2876
2288
6486
1452
5667
3751
10733
10789
6139
198
7367
12095
6914
13830
9607
658
7997
7310
8914
7726
9491
2604
5488
10038
5502
6303
9819
8645
10938
12690
6499
7570
7062
5994
4550
10479
12440
8859
1575
8873
318
15354
15099
6613
13279
6216
3988
3963
5420
12308
3017
3702
7735
3263
12069
6451
2894
15111
7086
9824
4241
10808
8611
734
5591
10797
12696
8138
8081
5259
13994
3730
13599
14332
4354
10607
794
9035
15047
8742
2616
10284
5079
14384
14089
1920
4919
11791
14888
8347
327
1958
7397
3665
14691
8270
13908
7243
4254
7917
589
14894
368
3620
12320
3279
13476
5928
129
553
12089
4002
6820
7669
4124
6542
13637
9742
10907
6755
8491
7267
5834
8621
3152
4238
4195
10279
10428
6632
14421
3587
14267
15255
13666
1732
10085
10911
3675
7230
12388
6077
8681
14996
4060
8384
6360
13902
2386
9514
5717
3397
1880
12358
11098
11528
8702
781
3680
13915
12879
5095
13657
4240
8278
8156
8263
3761
3210
5441
10070
9166
12922
12534
9952
3383
3385
1456
13237
3559
13640
7601
12368
10705
6321
5118
4881
8076
4789
7117
5522
1332
15217
5405
5435
6913
9815
4394
7034
506
9705
10493
14536
4142
5221
11789
4981
5293
1065
44
11235
406
4582
7879
1760
2075
116
14144
12437
12567
7093
14761
10886
14396
7488
9779
7981
1797
10880
11778
14017
9635
12130
12369
15164
7515
9202
568
1
10690
5579
15199
466
12257
11511
1338
14960
12157
3926
14118
13655
6862
5016
2481
3878
13442
4857
12161
3723
7305
6582
4406
6099
4219
11592
10778
15119
352
7870
4774
1875
1144
11432
7885
13028
11846
6589
8669
7998
2965
8740
489
14501
5848
2027
5535
14810
6272
7670
11267
6510
8557
9381
2520
11314
13151
13340
13510
3350
4268
11361
10203
13867
3029
12110
15306
9250
12462
3167
1207
7379
1113
1249
1582
2059
8286
3140
9552
351
13419
13321
14300
10404
15400
14387
11946
10322
4224
8535
9352
15011
1999
5380
11083
820
1707
4454
13670
11566
1728
10382
4159
14873
5577
13380
11786
14971
759
11912
541
9291
2827
611
6149
6896
12415
9382
14432
15359
4980
5002
14585
2231
12022
1842
4486
15109
13922
3607
9805
1208
4441
12041
8823
4513
6385
402
11943
15362
12968
2312
403
11824
11184
15063
12921
3605
11880
6220
3048
4277
14066
10363
843
6869
7551
5661
29
14885
304
5909
12374
7979
14883
13697
1546
3256
11258
5230
3331
9776
4252
8327
8503
3540
5532
8944
8478
5476
2648
9979
9686
5511
8918
14665
8380
10080
5453
14425
3758
13978
13415
762
7405
8528
11266
8562
14221
12425
3066
1375
13075
8492
4200
2804
5182
12978
14122
5343
8083
548
2932
13877
3939
4551
13251
8121
9554
4101
8710
15205
8197
15284
4929
8421
13905
7171
9829
13958
7759
6394
8488
9900
11933
8213
4023
11379
3344
6186
11553
10356
9220
5951
14252
5586
6780
5401
4528
1291
9125
13282
11788
12860
2392
6029
8990
8371
8085
4308
13628
1703
8754
9470
4167
5162
3634
835
4650
3984
5471
15385
7758
8939
9487
4742
5616
15357
12223
5958
14937
14975
12385
15337
15051
1566
9356
5292
5608
11729
7223
6200
9678
10015
8115
8992
6248
1384
4537
5161
9955
409
1182
10138
9522
3194
1923
12587
8398
13770
2671
14992
12414
10389
15290
5552
13173
3014
4458
3207
11939
5738
6182
6629
3936
14188
12070
9913
3775
9108
15188
8354
7348
5097
387
13250
2134
9687
5728
6031
9725
4243
4357
9301
4370
7728
13019
2852
1194
57
10041
3646
15066
10294
5594
5326
268
11624
9330
12185
8670
13609
5349
11462
5223
2743
4098
6866
11701
1233
10827
3533
13612
1066
2512
6439
5462
8295
376
13574
13642
6762
5553
14446
1588
1206
10335
7269
1330
14927
433
5354
5778
13675
14817
1302
6042
6916
1187
3612
6933
1508
4849
7664
2773
10858
10574
3365
11225
1518
10537
1077
11763
3327
7514
12535
2818
5053
6637
11690
7027
8906
14906
3059
7752
5557
11160
10513
393
13018
10710
9284
9216
7209
14713
12204
1092
14982
1673
5966
121
11253
7460
369
8410
7831
14175
6101
7061
13851
2217
6293
3382
14531
5657
6785
12923
12585
8878
6105
6468
2322
14972
12735
763
8041
5142
693
10702
3484
796
385
8578
8818
9234
6425
12152
2609
8313
6373
12656
3038
4891
8310
9175
12826
11269
635
13120
2539
10897
5737
12939
6623
12788
5454
10366
13914
6203
5353
3560
2670
6355
5752
12235
982
3848
10174
4045
8472
4660
13409
4430
12131
14528
1861
11960
7718
11655
12684
14506
3006
469
13710
7698
10878
5357
6948
8045
2150
5821
9571
13205
3408
13584
5970
7253
2114
14495
5226
544
15241
7873
10669
10973
9645
5317
14726
5672
6586
15042
8536
5156
6110
1383
12745
9992
9712
12653
13265
2503
9969
15325
11561
11500
5643
5907
5701
581
7725
6009
9357
9813
8646
890
4460
7315
2237
1340
13459
12072
6414
7102
13238
4763
9091
4063
7826
6910
10812
12140
3151
7958
8261
10829
12763
5010
11117
10645
7404
5528
48
981
11425
10005
3858
7668
889
14271
8837
5583
5372
13656
8157
13682
1413
15078
6641
13731
9144
9224
12783
3197
5243
11887
10866
10342
14965
7711
6227
8140
78
13937
13795
13342
11129
4168
11146
1878
6743
8841
3184
3341
9793
1980
15009
12695
504
13505
9090
8653
7388
12868
9454
14558
13423
1824
12468
1620
14301
10489
6596
9876
8936
12104
1773
11489
14157
8836
9197
4555
4227
5229
3553
11582
4716
13368
3209
9106
12707
1373
14306
2560
5129
4519
4131
9639
478
11126
5680
3139
5889
12403
2949
11493
14200
4003
5711
10170
14414
12743
9976
6314
3245
3418
816
1848
8474
7024
6310
11252
12219
9039
8840
13150
9222
7424
15287
9026
1730
4898
978
8427
5212
13539
6832
8272
3448
5026
8381
9877
1897
7018
5886
12843
8217
6121
260
710
13475
12045
1127
12992
8070
2734
3692
5838
2363
4010
15056
13085
13486
7238
13381
3366
12470
14525
2303
4136
10993
2077
8977
6545
9845
3303
10061
2518
2900
2001
9396
13037
10006
1114
12464
6440
10558
857
5659
9232
4399
156
5787
2963
1012
1349
10331
13668
11355
10111
14835
2291
7535
5013
4080
13395
5117
7894
633
15346
10867
8356
1577
15002
2630
3608
13192
6991
13307
5138
8701
12245
4596
7195
12213
9757
7341
5094
6532
3178
10232
916
5857
3252
8343
6448
10532
12909
11132
13649
10678
1227
9630
6858
5485
3518
13598
903
13462
2519
5064
10230
4695
1691
1505
7082
880
12172
5876
8833
3421
12754
13838
5650
725
1448
61
14909
4461
11131
7697
14772
4462
13564
15020
6190
1548
27
445
15204
3473
4880
11138
8319
2381
6838
14328
7208
12313
13196
7599
10319
7294
4315
1823
2459
9946
2831
1244
14087
7036
1038
8813
6976
12
5468
14205
10369
14393
1805
10870
14953
15014
9654
2131
7477
12241
495
5991
8282
9193
10971
9843
4492
4800
2717
5004
4477
4160
279
13346
2162
4618
3899
14392
10164
8697
6981
15097
5231
11658
9400
3740
12850
2977
7380
9907
13774
14995
10200
8959
14766
14330
5592
2660
2190
9774
6074
3315
1710
10383
6899
8352
164
10003
83
2294
14595
769
10955
2800
10014
3054
5692
1973
988
11955
5469
10436
7945
5271
12398
2786
13218
11917
1702
12435
6553
5306
545
15373
4570
14647
1903
557
9160
15237
4589
1010
4824
179
7072
6177
8955
10616
313
8652
14447
2884
12711
3767
13702
13194
1991
10726
54
1922
10805
15187
8834
7092
13550
10657
11732
13933
3336
10001
13544
7179
3889
15310
1310
11307
2283
5020
210
6651
11575
12996
11065
2709
10116
4178
314
1595
8350
2620
660
4792
8583
6987
9590
13345
4408
13536
14571
28
6195
9950
4643
13300
7760
2772
4113
8444
11866
7190
13525
8972
9132
3182
2357
11618
1321
7055
15345
3815
10223
7777
11679
9623
12551
6514
1426
11759
13179
6963
3487
5331
1989
10025
8920
3035
13946
7113
4543
12299
2621
4860
14364
5644
6816
7468
562
382
626
6548
11081
9926
6290
14946
11969
4567
14152
12908
11046
2438
8226
7372
1949
6854
1565
8307
299
11572
11910
5950
7507
8531
8119
3804
10802
6128
6540
6707
4248
8902
13397
8739
8084
9072
8377
12907
3564
5572
1018
10953
4850
3232
10250
1003
4978
5815
9029
14004
3255
14266
13375
7862
14210
11754
7233
7418
12469
13285
13233
12785
5472
13094
10046
441
14934
717
12456
9941
6022
3981
8861
2188
3244
5224
1608
3676
8577
6751
2637
14196
10472
5239
6900
11150
13274
12154
5152
4153
14785
1784
587
5736
10677
1445
14336
5686
2619
2110
12120
3162
2628
4499
1084
5982
5310
10576
3401
9479
13258
5046
7610
14663
3416
8043
12822
1788
4210
6288
6808
7246
10978
12842
12450
13166
6232
2916
14435
3980
15131
13672
522
6376
11177
11318
10036
11581
2691
6865
13359
12528
6875
9861
11485
1883
10113
9136
12911
5506
7419
5106
5275
14582
8348
5806
10623
5801
13798
12429
7671
691
10553
12652
3380
15321
1358
212
512
13275
6602
6528
9789
14171
15016
9370
1809
10807
8325
13137
3094
9467
13516
12750
10120
5601
7800
5541
5512
4874
7274
10628
13700
7811
4957
15231
5170
2372
15079
9621
3419
7775
2238
3188
15128
7327
4676
9790
12668
4008
5300
4663
801
11341
11868
5430
14428
13982
6902
12639
5790
4006
2321
10149
10536
14095
2343
2065
5940
13919
8751
418
10709
3598
3028
8900
139
13050
11586
5356
7104
15365
13912
7444
13467
5900
6705
14749
7473
10198
7732
14494
8144
2753
10997
11041
10748
1791
9298
5328
3292
3289
9736
3894
3294
346
8009
14255
6571
5423
14486
15186
15254
5077
712
14804
12283
9332
14524
13779
5315
3545
14575
1365
5565
9708
12739
7490
6096
4836
6558
1677
10520
5660
13645
13433
12480
4710
5839
3817
14291
11674
10799
10838
12606
4459
1569
1034
14629
9485
2055
9118
5139
3987
7450
15211
9086
13585
12202
267
8257
364
1985
572
4369
1601
7727
2808
6053
14572
4566
2440
4327
1300
7733
407
14076
11239
6504
2140
15037
4629
1430
11351
7461
6172
15004
5884
7193
4401
9804
6056
421
3549
6986
2558
10078
6478
12029
4301
5773
5489
12869
985
1134
13414
3601
4838
8649
10834
12372
10178
4027
5345
11154
9572
3308
7640
8975
11013
12174
10676
5287
9490
1674
7331
6794
908
4835
201
8826
11254
6735
14722
9064
4667
6818
5501
1315
671
10949
13140
13555
12134
9336
9430
1906
344
5767
3908
6576
6140
14678
12178
11668
13808
14605
6221
11156
11236
2008
11282
10414
14669
11475
10320
9501
1496
4076
13947
11414
8835
3034
11503
12737
2092
7982
13878
261
7044
256
11634
2420
1525
306
15251
6153
2139
10840
6515
13928
13330
11111
13350
10193
15220
6957
12945
4746
9174
3313
14718
9346
7865
10067
3742
9304
13364
5215
14187
2909
10562
7902
6926
10511
3657
6993
13763
11364
10210
13560
9372
5524
3073
7989
6618
12453
9580
5755
9629
9550
10900
15168
2489
14208
6311
10098
14408
13454
6183
4398
12870
4016
6348
14833
490
14395
10447
8391
3398
5814
8810
8864
5413
5952
12806
9798
6658
1975
9204
13502
4748
13605
9691
9214
15331
9917
1653
9305
11208
320
1211
10841
12482
11755
14719
1032
2650
12953
5984
5682
2214
14791
679
1888
4306
2349
12556
8772
5096
7000
6908
7362
10757
2533
7696
1458
1316
570
3885
6872
2938
500
1990
9670
8259
764
2695
3508
13973
6252
5655
13000
4267
1514
12137
7228
14290
5415
4039
8304
14762
10571
4912
13187
383
9564
12703
546
608
13643
13613
975
11856
7437
8229
14347
4511
9073
14724
14054
10666
8416
5088
2995
10140
13888
6280
677
3334
11017
1254
4651
6757
11611
5167
13939
13270
14855
1892
3793
14994
15120
15273
1026
4364
8922
6625
10849
2066
330
2222
10145
13940
3375
8017
2524
1096
12248
14362
8909
4004
1298
9351
6892
6175
6184
14173
12433
7109
8108
11280
1353
4482
173
12332
2108
10931
9770
12168
10114
11113
1992
3158
10501
11105
9744
3585
11894
7918
10381
8769
11243
6408
11482
12518
2625
13734
8015
2825
3265
8883
7161
10142
7973
9229
12604
9520
4434
471
8429
9561
920
6960
13758
4739
14968
13193
7560
12619
12413
15242
4288
11096
13523
14818
15329
5160
14744
8095
10207
334
6929
13814
5341
5024
10188
13188
1482
8916
2325
8706
12085
5408
3960
353
8888
10187
13861
11021
10625
6703
4402
10481
4428
6903
8231
10252
7207
1329
185
3774
11770
2976
7463
8947
8553
8358
4521
1342
6092
5406
231
9802
8064
4490
13309
4709
8775
3875
1997
9111
3325
5
921
1033
1815
9601
4429
5822
12166
6690
4734
14830
15057
7833
14847
7201
15130
6873
5203
14444
9769
9406
12246
14706
6424
10283
2517
11281
2032
14622
13752
11764
3316
2371
13608
5809
7495
8471
9138
4237
13117
1125
3
10826
1312
2172
4767
14472
1062
14
4021
5963
11530
11803
8532
14479
1573
6210
4085
669
13051
7295
12062
14957
10054
7030
15293
13559
8773
5265
8687
11232
13420
13979
4872
5836
3115
5687
11926
8342
5990
8656
3242
3818
7178
14251
2850
3176
450
9367
11006
14203
6778
9808
2943
14840
2462
11828
10474
10637
10675
15260
8567
12517
11224
3211
7577
3177
11183
13114
14451
5641
5606
6894
11892
1839
11506
252
1534
12143
4280
12769
10548
3179
623
14318
2088
12109
11491
7154
9690
13679
12087
472
2957
5861
13099
4361
3744
6091
6064
14238
4771
107
2224
10888
11959
14615
11691
1715
14675
8688
11386
5705
11159
11663
205
9622
14312
1500
8334
8730
1917
5605
12691
13126
8399
4388
11885
2421
12563
8529
3381
592
7736
5446
12741
14099
11838
13764
13760
11664
6670
7630
14433
13542
11915
9015
1046
5986
8050
234
8192
703
4834
14533
7773
11590
780
12493
3606
11467
10651
13432
5678
14454
7299
5252
12289
9190
3434
312
6897
4535
10851
2805
14478
10779
14139
3537
803
11927
12501
2992
9869
10622
5556
12660
9116
13474
9502
509
11671
5299
1095
4427
5083
13552
13056
9014
13098
4290
10580
884
5443
9025
7043
6208
11136
10588
5081
7247
14219
4326
1713
245
6585
9746
4644
14787
2815
9539
2969
12036
4242
2480
13624
1181
3543
12627
6921
15288
6317
7750
11487
9820
2638
6677
11393
11433
11616
1622
477
3898
8232
12950
1268
14703
3043
3447
7838
10301
10545
2787
11196
15082
8443
3262
5569
4269
10683
13332
2556
9411
8162
3501
4829
14427
10561
4488
9228
2297
2782
6456
41
6197
8831
3571
10166
10374
8077
15126
14058
7907
14410
1037
8594
13235
14661
7076
2200
3589
9263
837
3796
8507
4498
8057
12717
177
15135
4147
13950
13719
11349
8534
1224
7762
6773
12404
2822
13590
13489
13221
2652
14618
915
13276
12284
2484
12448
10845
1108
3729
14697
8781
14985
14317
3869
2262
7701
6744
4344
4502
8800
6469
624
8891
7394
14375
1549
6925
2748
10368
11450
1436
9835
7095
9394
11678
3153
15160
2401
11443
809
972
11400
12724
3164
13082
10238
10572
3335
13016
6534
10247
14793
10486
7078
11806
15087
6546
11621
11523
14101
2737
15283
11214
9767
8388
6346
14594
12129
5542
5445
13097
5165
7471
631
11478
11702
6308
9850
12430
5816
6551
13602
2925
8872
8723
7189
11271
5794
997
12798
10397
5964
1272
4104
9463
15271
3057
6176
15088
340
7724
4853
7003
1177
970
8279
1643
709
15339
13239
13980
3462
4696
9231
8624
13283
961
12197
8359
6410
12281
681
2387
12148
12526
9439
5148
6523
5802
8098
3086
4155
13828
6538
6318
7032
11613
3348
3349
8193
13678
7846
6178
11883
13811
4130
13095
2812
12919
14181
10996
4503
10850
3513
3247
5746
4633
11032
10790
9616
4576
13744
331
7904
5948
14440
1938
11930
8105
8039
4220
14268
6730
12890
10261
4684
7912
13777
2582
14742
2550
7498
6803
14185
11727
4934
7678
5756
9888
400
9925
5480
3402
13756
14133
3369
13894
9887
3424
3891
14877
8699
13458
8613
13658
13289
9846
10615
8636
5690
13445
12167
7967
13246
8655
3016
5346
1131
2719
15176
5850
2961
6361
7619
14466
14846
9883
1175
8184
10376
804
2933
10681
3314
3625
2546
9265
2491
8134
3956
10924
7393
4971
6901
15398
3688
10009
12616
254
3994
9503
4525
12699
7827
13617
14373
15343
11188
11249
283
2928
6725
15291
14770
3925
3788
1665
5360
6028
8212
12472
8921
1386
6017
12390
4867
2439
1803
1624
6047
12071
4067
9016
13490
9453
12277
11178
5508
15240
5703
3831
8265
13591
3480
12851
12082
11447
7605
6261
15208
1959
2094
13392
3274
14032
2610
13677
1869
2647
9196
4149
4658
14273
14359
595
12898
5202
4145
15315
13141
5803
13571
42
14178
3520
13291
10818
4384
1271
1317
13671
5043
4420
3124
2868
3511
15235
138
3833
8561
3685
5071
9721
13456
8570
425
3161
11981
10982
15295
805
3996
11571
3218
11091
12887
8910
2642
11875
7937
14808
8512
10756
7851
7513
3853
10123
3298
6463
7165
1882
8526
8963
4013
3060
15174
10391
3389
5498
1641
807
5436
7272
8832
1259
365
8912
7194
8759
4770
11257
877
8549
1166
8452
7065
7586
3816
2983
2689
4738
7125
12047
14225
785
4910
6084
13369
7972
13144
9803
3222
6949
1483
1567
6643
11968
1388
6890
12272
9300
6650
4911
5452
14164
6984
10612
6218
11859
1517
13396
12725
12912
15364
8040
11615
4809
13918
5383
5551
3613
13558
5407
7582
11886
5320
5021
14404
449
12067
9169
6970
5030
2232
15230
825
13747
1547
9371
7203
10875
9858
4078
11685
9056
14723
9927
5892
7686
513
6354
2767
7323
15165
2935
10081
2475
13436
8979
1965
4381
9718
12201
7486
15374
9412
3119
8596
5855
8849
13115
3522
12997
747
11650
14786
10222
7700
11273
3489
10964
10753
311
4940
13162
1572
12640
7328
1350
9172
1370
4613
12558
9834
8863
12773
405
8619
2589
6169
11388
11779
7174
518
10963
10220
13416
2834
2640
336
10351
5475
4902
10871
8127
9386
4353
13610
1094
9227
14720
10152
12508
5812
5371
14153
940
5282
4995
7428
7396
2049
11287
3967
3931
1256
2002
4469
10168
5988
9402
4390
11899
6335
14349
12744
7789
6937
8089
13268
1277
6627
5402
11406
14445
11837
15360
4782
11170
7843
5444
14061
6313
1283
11914
9355
14117
8233
9068
2944
6164
5204
4624
5509
7206
4553
3000
8409
8460
10101
8151
12447
7069
7007
1717
10412
5029
10259
6508
11052
9007
10125
5911
9664
13925
4424
4183
845
11762
13234
12489
14807
3975
8318
12927
5602
1424
9533
6299
7484
15146
11086
12899
828
13611
9891
2715
6331
4382
2152
9681
914
4907
9030
15080
10349
3112
15083
4819
11555
2768
3526
7836
10192
2096
12530
2449
6583
4457
13923
7056
12889
2679
7801
1603
8206
13690
12799
14083
1983
13909
2206
14509
6964
12589
7738
9260
3762
14643
8420
9775
8273
4858
4319
8214
14781
2319
424
3089
6814
9784
3846
7063
573
10375
3499
7914
7926
10546
1438
14105
8181
2704
259
13819
2208
6445
5776
4703
87
8227
3690
13353
13962
9641
2379
2072
7278
2980
12848
9295
7013
9518
10328
2395
13118
1362
2626
9832
9576
10629
2170
10998
10249
10737
10159
15308
4725
9493
2697
8164
5447
321
7875
2988
1744
13884
5933
12220
10018
4735
11707
13492
8847
1550
3275
2451
14230
13203
2179
360
6726
33
9995
10708
11325
5075
12001
470
6930
11301
1676
13154
12091
6851
7939
1578
12733
166
708
3268
2882
6856
6608
11336
7839
15268
10800
3763
2968
14863
5067
6129
12608
9143
976
13034
14183
12270
8120
9637
2897
6122
2526
5109
8346
4355
14103
6713
9279
2981
12641
5205
7896
4112
4869
13772
1055
10058
147
15024
14116
6134
14604
2665
15019
1189
9722
2126
8838
5875
3444
11841
8276
9158
3280
9360
11473
13895
4040
2004
14961
1942
8720
1005
9259
1807
12712
10274
865
2856
7788
8885
2765
7354
2121
15010
11608
4622
11118
9383
8074
10278
2037
1871
10094
9273
15266
8966
1348
6114
12894
15336
10825
10582
9965
6419
4541
12399
3914
8924
1639
9484
10716
12119
14125
9074
4116
15086
14940
5470
8161
12523
1201
5153
12875
2571
7533
15198
15068
6717
11785
11913
9615
10865
6522
11517
11972
7321
10692
5428
5149
8952
8750
2177
10068
3125
10803
3506
8408
14949
1614
3189
15219
2069
8493
6544
14235
7867
9240
1957
7434
493
12011
5775
2627
2306
1646
12679
1231
12411
13986
14482
1704
14193
11937
8068
9462
1418
3021
9199
1530
10211
2499
1425
3141
160
7511
8315
1564
14199
357
11807
5442
6919
8160
13177
14935
2263
12238
984
5546
9424
9219
9866
788
2999
14633
10660
6848
4544
10643
650
2837
12863
9617
8392
12941
9904
5938
552
14417
14923
14459
840
13629
4639
2809
3441
13313
13567
12471
11741
9799
278
5587
8141
11237
1868
8819
12578
12700
12760
6274
9483
4994
13422
6943
14500
11908
2851
4685
13714
7139
13546
9241
13371
2872
3156
6371
5235
10075
8817
5460
4955
6876
12187
6738
8183
9076
3481
15159
4412
11733
1585
10104
11513
9848
2761
6506
11442
11983
5807
7048
11950
14740
7105
9524
12697
7774
14796
6211
3701
13294
12527
7489
9314
9302
13748
10549
10531
9450
5946
14018
15035
1557
1987
9530
10792
6065
1865
4877
4403
2562
13297
10201
806
13280
3264
9700
577
14747
3305
3515
1800
13730
3821
10621
6193
15041
9257
1532
15313
1899
5270
3647
14324
836
8033
11753
246
10698
5642
5422
9499
2573
3839
3405
6702
4103
1904
14561
5329
1972
15058
5048
2893
1284
228
3376
4632
7123
9568
348
4674
13809
4094
11027
5543
11195
11340
6724
6519
14843
10567
5296
1212
4666
12389
3705
14119
7175
8610
8230
7378
13326
2930
1931
4192
6188
12836
8548
4154
14438
2390
14037
4264
11289
85
11888
8053
6012
2157
73
7975
6918
6052
4552
13868
1222
7770
3087
6792
2985
3658
1697
6434
10738
5961
1024
8780
1799
13874
10787
14519
12686
4318
10458
3944
12349
2441
8674
2164
12323
13347
3437
15371
13620
7499
4698
3062
1780
7025
8204
7502
7772
10229
1787
4495
5465
13926
2504
243
1556
12883
14455
6051
1001
2622
2871
3903
10767
1793
9362
4031
1748
4309
2703
7730
6142
10183
9688
3639
6784
11452
10935
11363
12636
8901
5904
9150
5706
10712
43
10008
11369
11782
8615
13521
12611
7691
9910
7574
4501
6610
15197
8606
12274
3104
2576
11645
2841
2213
6920
9994
10901
12621
10292
9285
14073
12357
1912
146
12008
11814
386
4174
8851
13755
15180
13876
7976
10685
1293
883
4294
14666
3479
11079
10898
6850
6795
4334
1023
12545
8703
4000
11423
1568
14865
3229
7050
812
4447
7539
4333
8588
6764
8378
689
5972
5324
12834
6287
4512
4811
3443
4736
2216
8188
3699
5863
9828
12932
797
5654
6688
9596
11587
3854
760
9335
14012
8882
1305
6350
5820
6078
5069
6423
9857
12096
8341
9838
11045
2040
15100
11740
2901
15218
14106
8063
11270
11262
14009
5066
7059
7288
5028
9657
6359
8224
3662
12748
9970
3993
4682
2687
6298
2675
10345
4311
10273
2378
1111
3370
215
15302
5568
1218
10741
8001
13469
12027
9319
14308
15067
8639
9147
11922
12367
2276
2842
112
5172
12181
1719
2336
10321
3827
11776
3058
1479
5715
1437
12419
10854
4914
3651
52
3689
3583
14677
11145
10730
7942
10647
13788
7681
7271
14166
6043
12980
4359
10908
4583
9409
10393
2666
122
413
5040
7666
8734
11737
7186
4310
6262
1385
1966
5714
488
8487
10633
8911
7561
5968
9419
1947
389
3453
350
2083
9938
8812
13720
2555
13509
8876
8065
2142
9508
7970
8559
8012
14127
2249
3270
63
12519
13269
7037
7504
12156
13804
10763
3711
4050
11040
3687
13665
6368
4411
8228
10191
487
4574
13825
14487
5894
10082
297
9922
2169
12902
7432
11153
13245
7249
8476
13716
15388
11036
12132
13266
4350
3626
3574
8676
5697
14326
9096
2781
11906
14021
10762
829
145
4251
13060
117
6326
12016
4922
10420
11498
951
14147
12444
3596
2488
5840
11251
15161
10264
5516
6867
9148
2290
6815
4918
190
13618
8199
1626
8037
11426
15091
7156
1248
2233
15012
10863
14635
8995
4064
1408
12931
9334
9432
1766
8433
12033
14092
10650
8962
15052
6611
3078
6969
11084
2365
1393
861
9416
7854
12147
3075
2655
9218
1741
746
1504
5693
5941
13528
8097
4554
3806
2478
1533
8693
5827
6138
10879
13124
12732
7802
13311
2486
120
14856
13195
13172
12576
1591
521
3957
5035
7874
1497
12037
3624
9404
2226
11424
6302
4952
819
13592
5062
13401
8997
1650
7580
14872
4892
14169
9243
9289
9665
13379
731
2103
9500
8808
2683
1183
8928
9594
7320
4693
380
12531
3129
2087
12999
7180
14828
4114
9385
1867
9188
7282
949
6529
15256
12229
14124
4831
7871
13152
13952
10139
2662
4656
12418
3619
8111
14546
11331
14930
14189
4444
2130
8235
7265
9082
6161
7813
6968
6273
6159
14834
11738
5474
12138
9223
14943
9348
720
9182
13015
2854
14194
14824
8560
10282
4170
10761
7768
6187
3407
7984
1173
5201
11410
14606
12841
11466
6846
8080
4164
4628
8981
5113
6269
5175
8728
13295
8262
5323
12629
5060
3399
2741
1105
10661
14343
6457
13782
9816
13303
4606
12076
11869
11747
4007
4785
3895
12393
5427
13769
13850
204
2950
7549
3395
1488
5574
10915
10137
1960
11226
3175
14603
11104
3296
10568
6497
5519
1825
7941
2535
15096
11623
8439
12704
3682
987
10422
6304
14389
7177
5926
8522
3128
13304
2279
1159
2913
6132
10213
13354
3840
9661
15033
13954
10842
10384
3538
8088
6660
10969
11540
3204
2881
6805
14062
4034
7621
11628
10904
9215
4889
9271
13262
7338
5768
11200
2990
6226
4117
8661
4842
5788
13111
15298
5939
13727
2316
5987
14130
14936
13031
11412
13158
10759
3920
10569
6333
53
467
3780
10839
12533
1275
2129
1109
1071
10749
3387
7466
11855
10227
1988
4700
6945
8527
5417
4262
698
9542
4757
13647
596
4276
1968
1242
5954
9333
9031
12379
7512
12800
8436
8680
2424
14333
9937
15138
1318
11468
6649
687
4109
328
13197
12853
8468
6124
13081
12951
3277
4707
12726
4253
3492
9930
2019
6667
8907
7954
723
13773
5677
11080
2184
10280
574
12034
5869
6249
1919
12347
7492
3785
233
899
7353
14535
1978
2143
6046
7983
5720
12232
12217
2111
11296
10523
6537
10920
12262
10514
12165
10700
2255
7459
8738
6847
4028
5781
5358
13821
3271
833
9889
3251
10991
5782
6421
10057
14789
7137
7216
12160
10334
3293
10693
8066
15007
2109
12227
1232
2468
2873
11929
12944
7231
678
11343
8758
9739
7638
15381
4024
13633
3003
10541
7562
8632
4701
1163
5363
484
14886
6801
4766
6557
1693
7009
5897
72
1763
9614
2324
9566
11557
4467
8054
2463
3966
2399
10270
1403
13820
13198
8568
5529
14419
12864
15215
13149
2341
8715
12030
12451
2763
4431
15029
1723
4906
11766
10506
6002
6994
13434
1354
8592
5870
11543
11248
8608
14754
13706
7322
15366
265
3930
2442
422
6192
4751
9588
6704
12913
11583
7430
3317
8675
6927
9427
5222
7364
5893
3338
13493
6824
9728
1543
13581
2674
5609
13286
10406
9961
2326
15115
7749
8628
2580
307
6041
1750
7162
11605
23
6895
5942
2159
4610
10490
9179
8593
5550
7022
8700
4749
136
6484
8875
7702
13503
15071
13849
10427
1016
10360
11490
11802
7283
4383
10240
10535
11483
3039
5301
14098
8007
2244
5339
9878
7516
378
6224
9010
152
13069
10105
8218
12455
5518
10396
1347
6011
7183
14557
404
3108
6243
5798
5297
11347
14925
2962
10281
8215
8370
12052
11525
14039
6790
14803
5521
5143
264
14814
6620
4363
10943
11067
4129
11143
1255
2904
10895
6753
8671
6266
10237
11625
6058
11234
12491
5304
11979
7067
9549
6375
7121
8727
24
9587
13942
12190
5128
9648
9201
8946
11953
7334
4377
8644
8663
9653
4089
6279
6116
867
4802
15039
1586
1401
3392
873
6779
4926
3754
13308
7995
9048
13460
1516
11003
3267
2351
11001
2259
10869
8935
10463
12803
610
5890
5019
4586
4675
2833
8550
2234
690
15005
2971
8238
10556
8167
15277
2163
4435
989
1742
9901
4932
11502
2639
12252
927
13153
672
10516
3351
3739
4795
3393
4090
6156
11631
9129
7944
10912
8171
5763
8241
4821
7964
284
14819
6402
9997
6789
9248
280
5133
778
5262
5051
7182
15084
9221
2446
10914
2187
2922
12377
8598
12856
3951
251
7644
10599
7324
1154
8543
9694
11810
2654
7051
5365
5052
12039
1512
13587
3470
12716
7832
7544
5867
14510
6935
1658
14161
4627
5264
14676
12209
1058
6405
12329
8926
14681
10300
790
5853
11662
1396
12987
9353
2161
7656
11413
10093
6330
15070
14725
9343
15375
4508
9437
8248
14922
4621
2599
2515
10835
7578
5455
4702
5382
12261
2633
5499
15392
3302
8268
11162
12303
15303
5352
7221
1916
6086
8094
7635
10810
6013
3961
11781
9027
10091
1751
12405
11448
5219
3482
13451
6254
10277
9098
13013
8323
4908
58
11345
15318
6980
11306
7652
6490
5168
4539
11784
3025
6322
12546
9347
2785
9735
2239
10303
2883
14918
584
7426
5084
2529
2880
1041
6550
7168
14131
4330
963
14640
3013
8579
6115
2060
14550
7366
11804
3813
4967
7684
12510
9765
9269
6955
14636
3562
2802
5578
15223
1862
14908
6343
4005
5762
10043
10040
8938
240
4302
7127
1116
7377
4547
10649
8930
4921
12705
4895
5242
10947
12541
10552
7500
8892
10298
2500
10194
11991
10760
7039
13058
2211
11704
4998
14562
1236
3575
1939
2074
14195
3477
9441
9338
15305
11044
10430
12969
10358
14559
1775
3529
381
1151
1817
10751
3726
11896
14628
14652
15278
8360
7057
2653
6412
8904
14383
13722
5804
601
7968
13896
9018
6276
14040
654
13461
12025
12485
12417
639
12128
808
5068
7648
8182
10729
1597
14045
1186
1602
1213
7623
11920
9855
3010
3541
4806
269
9842
8274
14262
8387
612
12307
10118
4072
8865
13810
986
14081
670
1877
11335
6010
5675
3430
14986
2830
11604
15377
5929
12334
2305
3879
2514
99
6923
14915
13999
5620
10663
8850
7585
2081
12247
3131
12877
4448
6567
5099
10256
8266
5539
12971
2225
1694
12282
4523
14402
979
8396
6364
6399
14215
7957
14551
2554
8194
5063
14529
1180
7458
9033
3030
8411
12351
629
7110
11602
4438
11819
10491
3261
8683
2388
7590
11808
7506
9081
11009
11233
1686
8093
10276
2645
7649
12169
7859
6758
7150
12446
11338
12610
7569
10902
10519
1982
1511
6263
384
14891
10784
6291
2590
10876
9149
6242
8245
5878
12212
8423
4648
5800
13614
11947
8732
5418
14313
3876
8450
10169
5973
7286
15036
13712
12023
5198
114
10686
12780
10471
1876
9164
779
9303
11381
2847
9121
11656
11419
5218
993
5534
510
1090
14424
1607
68
8473
15274
62
7496
15132
1387
2275
4032
787
4974
2720
3640
2735
2182
6518
3098
10992
5268
14001
1176
4743
3664
9943
12622
14998
1366
14858
9261
3063
10030
3384
8124
8386
7901
2497
6793
13736
8744
11501
5611
1028
4799
2692
6319
11970
13568
12184
3713
2123
7766
14554
11823
3918
392
5935
1088
2959
11818
7792
11758
13272
13328
6503
3320
12007
11798
4193
2198
5319
5342
10718
8106
9837
7373
13183
15072
10385
12957
13024
12681
9963
928
11427
2824
6415
4925
3845
973
11285
2998
8597
4422
8302
14456
7933
4775
8764
3235
5399
2601
9831
6179
918
1885
15073
9967
8540
12287
14599
2836
12153
13563
7737
9989
7816
14901
14799
6719
2095
2623
4234
14469
13977
6672
7091
14779
5965
14400
14592
9075
2941
12920
6166
4942
13871
14607
11720
9020
1363
9631
2090
1739
3212
4846
6720
2634
1313
13478
11921
10340
4538
8288
2849
4068
7266
14670
15316
6048
8584
947
1146
13688
10007
1520
5866
5440
4730
14415
8131
3234
10934
2649
11435
13627
11974
14610
14051
47
7112
3061
14222
4134
893
9536
11461
1926
8413
11197
7151
10550
227
14223
4437
6247
8172
9112
10456
9525
11140
6810
7769
3368
5257
7241
10836
12079
12701
12577
3412
221
6240
11417
1789
6723
6699
13991
3015
2494
5190
636
14334
7627
11882
6470
6563
4721
4061
10293
2221
2577
15252
15247
8052
3990
6782
9689
11371
792
4953
8211
852
718
1107
13532
5977
6040
6400
11692
8862
9459
8189
3882
2330
7829
9947
3130
5411
13680
12311
2788
3084
6607
9415
3933
459
12770
10044
12720
7947
1887
1306
6271
3500
412
8116
5184
5347
1902
8464
8843
13074
515
420
11128
10697
6072
11005
7744
832
6391
2299
11227
7924
6338
6036
12094
3118
8612
14431
1015
2784
5995
15383
3884
6880
2204
5410
13852
7012
315
6480
15112
13349
1068
10497
5009
7280
223
5134
1274
9751
9476
9632
11120
14088
3096
14790
6059
2646
11469
12594
6799
3544
9956
9376
4423
14480
7509
12583
14000
12306
1737
12935
9488
9862
15140
10416
11453
2246
1870
1829
13616
13650
3610
82
616
4641
11037
7099
14315
5639
7445
3747
12857
10853
9964
13357
8209
8128
12620
12954
1389
1434
7524
7215
1895
11372
13534
8400
4256
3386
13487
2393
7361
6173
13103
3445
96
13006
2532
1554
15000
13329
8965
11169
11667
13692
8154
6366
5033
2731
13394
1961
10927
7611
9884
1884
1743
12477
15045
6215
2021
736
50
9388
9403
5753
15027
4578
4281
4265
9758
3490
7596
4030
5032
5898
14502
5332
7643
9246
6281
2309
12581
208
3342
8418
14698
14612
8014
14386
1524
13527
5925
9006
4479
5191
9676
3346
2436
4314
12557
9521
13685
4012
3450
2964
1946
6284
13929
5547
11648
6113
5851
9839
15101
3438
10714
5638
3323
3684
12569
5000
3509
5396
4993
8456
14639
2659
13383
2174
4507
1735
4680
17
15108
5250
8778
10597
10353
10265
6531
11028
14763
14090
10985
1128
12267
9422
8889
7951
13910
8571
13955
13537
4342
1145
325
4532
3759
14537
11562
10373
9668
776
13676
2921
13014
12264
308
10570
2464
2869
15102
1017
3052
8973
6560
7895
8314
6458
964
12215
11313
10925
12145
2455
13638
10102
3216
10960
1657
7795
3318
15104
11166
14497
10961
13691
13314
5147
7913
7438
2667
11578
6733
11445
11858
14672
5107
4765
11993
12173
12892
4954
8393
9894
3311
12756
547
6244
7066
5613
741
1266
7608
14644
12862
12988
6268
983
7370
7103
14760
5665
7433
3746
15399
13343
4999
855
14973
3295
941
6019
7399
10049
7828
12507
8517
5548
10254
1570
11878
14068
10509
9434
6381
10578
5144
7386
7045
6535
9482
12401
11429
11620
4851
4985
14296
3165
2846
1814
12343
15272
5100
10715
491
7155
4837
13244
4020
10542
10958
5394
10107
14286
8658
8815
3116
14249
11303
1996
505
10980
9423
11464
14228
6062
11958
6678
12718
14570
3410
14082
14072
12380
15246
811
10190
11034
4450
12974
9293
5311
1850
9395
3454
337
11842
13017
14668
15038
12271
13833
926
11956
3735
14310
2807
9612
7948
7923
5255
7306
7407
3488
6342
5573
10950
7834
2477
11168
8659
13765
4260
12265
10699
4879
10185
12081
11614
3679
11333
9361
11881
10734
12195
10864
5997
16
12571
11811
2433
12543
8824
13735
7625
8351
1599
2482
13632
838
7185
9762
7275
9497
1158
765
5176
6663
2220
13417
9247
4054
6982
10425
7317
6061
13249
13210
11430
14411
7747
7934
14549
1700
11730
994
7391
8498
14331
10329
1472
7157
11893
4489
423
8829
5724
9157
15200
1699
4347
15379
10923
6813
13873
10855
10096
8155
4560
8976
3691
4755
5391
7680
646
14049
8854
8779
12370
12759
2538
2978
6985
14186
6416
9123
14547
13090
5856
15048
5421
8109
10631
11990
5193
10019
5321
6496
13778
4646
10157
4485
1371
11460
2939
2853
3832
6277
13500
12904
10179
3877
9811
9785
5130
5880
12024
5179
5322
11719
8363
1454
8704
5745
15153
55
13797
12060
4990
6007
4594
2047
8868
7745
5115
15085
14912
15348
4661
4166
3357
5564
1064
1774
7300
10482
5214
7411
11396
4425
10440
6143
6917
10398
10253
6020
9433
11670
10177
6673
14136
12827
13626
1136
6883
6924
588
2376
11710
6570
9756
3614
5054
11595
9936
1289
14820
5685
5719
7371
10221
6225
7823
9242
14716
10639
501
5123
1466
1442
8027
1282
13935
7815
374
3995
9771
2323
4156
10400
1794
9825
4274
14821
6136
14931
7510
1013
11552
8698
5014
10893
3945
14674
8650
6464
12149
7751
11849
13384
14954
10786
6472
5891
3797
10347
2281
13826
1150
93
4637
3653
3641
12837
7980
892
7202
7712
1688
6429
1351
7909
933
1837
3609
14898
8630
2286
289
59
13728
9854
11520
3117
8929
4884
3905
2931
9643
3474
13879
1011
7645
9057
4536
13792
14983
10830
11283
8407
6080
14879
8143
600
11373
6446
13660
10417
2857
9795
12280
9282
39
10872
375
7087
4026
14120
8919
6995
9341
4863
2265
9209
1359
6222
5286
9929
474
3826
1132
2567
2490
6462
11049
2750
9526
14859
8822
579
12461
12659
6049
7001
14624
4699
8205
13931
3760
750
12123
6774
14969
6033
8607
10062
6600
11110
100
8554
2327
2583
15021
1087
12613
5333
12784
1701
10167
10219
8355
12244
110
824
907
5280
12035
519
508
11370
11246
12983
13104
8317
10346
14548
10226
969
14461
655
4345
14662
3557
10909
3779
5872
247
3358
7673
1357
526
7798
15121
684
8002
12056
11418
9604
2615
10983
5211
5614
7401
13096
9059
1164
13796
15129
5359
4504
7369
4105
6329
13455
1431
7835
11112
1294
6656
12338
5385
6768
13225
11476
2678
4901
431
773
864
13890
6756
7472
5199
14005
6864
13903
2811
10782
905
6035
14532
14515
13864
14148
4143
13209
558
5116
1045
10088
356
14372
9496
9958
309
14637
4832
1336
2458
13780
1633
4066
6433
15286
7312
13515
9431
14035
7011
6083
161
1563
10905
3883
13594
7344
11709
1637
13504
10999
8060
10212
14135
13860
5826
1664
2548
1796
2176
11337
13011
11199
594
2429
6233
89
9324
10559
15259
13100
12998
12708
2736
7890
9780
6849
12515
9560
3927
5387
5256
13713
8679
7041
6109
4689
10299
10565
8692
4688
14104
11627
11353
1851
10441
13842
5679
2878
9591
2838
2643
7633
659
9583
497
249
13374
3507
9161
11639
8625
694
7628
5927
13835
15028
12672
5087
13200
4664
8275
4944
11995
6915
5949
6038
11190
5124
6874
7068
11547
11244
9899
15141
13256
9438
15060
1918
8524
4494
3343
13745
4284
13241
2261
15394
6296
9709
9563
2780
3753
3636
3582
5272
13134
7073
10464
9211
13003
8582
8505
8552
14958
6005
13538
2694
7297
2973
9740
7612
1979
567
1555
2591
9180
6370
10956
2982
11591
8712
3579
3067
4197
6341
1135
10503
8793
14569
11996
4840
772
14889
4328
1443
15103
13083
4927
1994
15209
13331
226
11546
349
7116
13479
74
9092
10610
4022
3105
137
12775
9137
4861
8349
5570
3126
1932
94
13540
8332
13112
2137
1936
12432
1447
11689
11801
9859
6229
1671
9457
13042
5962
5895
8461
12234
4409
10847
3654
2774
9991
14385
4107
8195
14947
7279
2912
7928
12796
5636
5392
14542
12966
14867
7224
2264
355
1021
2292
12811
13399
401
2746
1056
6754
12579
11327
10288
11760
11911
5627
9948
11221
6
3111
13579
10272
6030
3326
5492
12678
9696
13186
1076
5998
1098
7083
5730
4443
8340
3922
4966
2089
5276
8774
3704
1617
11380
11062
7316
4225
4713
3857
11907
2559
11198
6309
3347
12314
841
4565
13829
11534
12180
8614
7861
12525
6082
11108
13945
15376
2607
9142
6564
6466
12802
13143
13541
12484
7790
13750
5249
13070
7476
14294
3757
1155
9836
3643
6068
6989
3417
9270
13997
13267
14365
3435
1690
4882
3362
6904
11790
1836
11479
2730
7677
642
4876
4478
9429
13023
1223
11024
3009
2117
7033
8198
10473
7408
4058
6524
15203
8787
2168
4445
7345
11446
10418
14297
3615
7135
1428
366
11723
5274
13889
14091
10348
12933
4410
10595
4727
14646
102
15234
3991
345
3902
3356
8934
8148
10747
1558
3082
6788
11342
9707
8222
12633
9050
2430
8485
1404
4601
457
3569
13413
14700
7710
11626
12496
9794
6502
5227
1217
7273
9553
4177
4989
5980
3770
2565
3329
2394
11147
834
2755
2792
10658
6827
12258
9613
8331
3037
1226
8149
4407
6728
4917
12106
15335
7153
15143
92
5253
8336
15098
2457
5764
7999
13726
11088
11800
12623
563
7520
9809
2428
9977
8
14390
2870
2914
11174
7927
6638
11909
7988
8374
7672
8000
9905
10926
10573
10438
5181
5729
7819
1847
49
14065
3755
7603
3352
2160
14917
2813
9942
11015
4449
4051
10317
7822
10444
14158
597
4645
3671
5003
7584
11470
9971
10773
8260
10314
14320
10429
2443
9875
8502
8951
4845
10189
9748
6781
9135
7715
10087
2658
14029
12074
13785
6079
4781
14401
6654
4320
8757
11694
3283
9658
7258
6796
11612
13107
2202
12192
775
12603
4575
13386
6739
12426
8366
10668
10659
11077
14563
7019
9786
5796
492
12266
14579
9013
12667
11936
3195
13529
14471
5277
5983
952
786
8016
11877
10707
3272
12586
14853
7922
4226
2042
11535
11366
8537
4295
8031
12778
4419
10175
13277
4783
4371
8589
12814
7830
1123
13136
13512
34
6836
3814
11898
3033
9379
9634
6767
14837
5327
7143
15296
5947
10411
8643
5976
10928
4526
1631
6097
4556
13412
1659
1006
7571
9908
4414
15050
7987
10940
9814
4285
4161
1276
6427
8667
13439
886
1170
5847
1167
6158
10330
8585
5544
14142
2778
5652
15384
2301
8508
7824
144
2722
10258
14031
3791
13298
3983
14129
8117
13741
1630
411
12117
12043
3750
12476
3851
9559
1618
13969
12360
9176
2791
4562
6088
3258
4452
13749
10421
14600
3856
622
2437
149
4856
10525
4343
9120
9626
5434
7906
10267
9650
3220
8964
743
5740
6234
3497
10798
4653
1126
9012
339
12078
1859
15192
8158
7094
12952
4963
3053
13805
902
948
6741
7020
10945
13739
8402
9968
5232
15328
14060
4794
5671
10392
9919
11682
5784
5696
11963
14673
2887
5873
533
4518
2063
3040
12397
1843
15118
5122
14016
13302
1509
640
2714
11420
9478
6628
7892
5491
13652
14717
5818
3810
2149
4992
1103
5007
4071
5902
13793
13996
5449
3180
7714
291
7938
4761
7740
10160
12779
13886
8344
11066
12884
10405
5114
8943
13224
7864
730
2080
3133
9579
3633
583
13464
8980
11403
14905
7008
3403
10975
4642
14086
14556
13530
11416
8153
590
2563
8725
15196
2461
11176
2612
13204
3224
7518
6834
2203
9685
11324
12051
8372
14115
2544
1615
7782
7374
8857
3565
6365
1219
9380
2154
6975
11255
1377
2657
6706
9060
5266
10494
14768
11441
1527
9375
13116
7385
9730
627
6729
4522
11272
12333
14140
15008
6411
5635
688
4733
7421
14822
9847
9663
10035
338
8135
130
1716
4868
10861
7368
9203
3940
7164
11322
537
9310
11580
10407
4753
4976
9244
3836
12009
13663
11411
9788
4300
10255
15244
9766
3530
4649
959
9537
2175
12475
8627
3095
15393
5375
8242
4474
14748
8648
13964
15300
6230
4270
9408
9734
7147
13554
5674
9697
12901
6547
1225
9230
798
3072
10124
13339
13338
15327
11549
2219
4719
8309
10028
3495
10455
10285
14047
2352
2903
2196
7423
12378
15178
8689
15093
10053
8291
4943
13845
14642
3107
14369
8428
12122
4843
12175
10197
8761
11007
6205
1394
11976
7963
10012
8569
1142
273
5373
1140
8515
1941
9863
178
13312
516
13694
9418
7765
11358
1333
13856
6436
4715
10755
12326
9009
11714
11047
14731
7381
2356
7085
3026
3228
8551
2122
15031
11348
686
8264
10691
1584
12225
8110
11284
4194
2247
3090
1846
8126
9011
230
1625
7387
9374
10236
2820
11222
5414
12427
8178
6167
6590
4358
8062
5450
4366
6512
7526
14727
6407
6609
14541
1257
4830
10
14248
9659
11061
1940
14064
5404
14876
14243
11646
5774
15092
5825
1480
13880
8122
2407
2651
12917
11323
9225
3550
1215
1860
6397
6282
4214
5874
10010
9326
5771
13463
11330
4387
8234
4496
8673
255
140
10451
8890
10517
6950
1668
8797
870
7882
6742
12346
9867
11264
11210
14511
14282
9101
14597
6584
13213
13427
14151
10746
6770
361
3717
12092
10437
5494
12124
6459
2115
13305
1008
5316
6648
10811
3198
6495
7820
10859
3652
3616
3532
10620
10129
1420
1583
3802
14695
14701
2843
13443
7600
13087
14956
2885
7149
3595
5937
5852
7523
14614
2493
12019
9960
7173
2543
3638
15358
7786
638
1559
1956
4712
11964
4325
882
5595
1246
12790
8465
6639
1828
15110
8961
6669
3787
11031
1190
4691
8406
12731
10496
13253
11919
10077
12597
8321
14984
12296
1795
4826
12758
3324
5045
5120
9569
7313
862
9972
5338
4986
9359
11574
7794
1179
2924
11151
6807
5813
4640
14288
14767
4106
13288
10986
11654
6255
6206
4936
1720
6588
12038
13170
14019
8345
1755
1655
7017
9638
727
9534
14048
1914
2333
3929
9021
2064
10732
15069
3659
13130
1085
6283
9754
1811
7389
14180
8830
14319
2540
10592
10644
11292
8546
2404
10048
3070
5093
6039
14351
1925
8682
13938
13337
14114
10208
1581
615
738
1535
11219
7431
12099
8246
13376
11229
3022
2128
2907
7743
10108
14443
2874
9277
9435
1934
9469
1670
2996
12513
15148
13606
7319
30
3706
5459
8925
2952
12292
2945
1240
7799
6100
4886
1963
6300
2605
15207
9044
1562
8845
4139
10775
13122
2417
7128
2521
8451
1678
14952
2492
14751
11765
9162
3187
12483
10147
2819
9523
10424
5823
10344
6075
7706
9208
10539
4048
7308
13725
12186
7606
7220
14371
5246
14397
14416
10892
728
960
263
2195
1030
7084
1986
2335
7624
10744
7776
7239
917
15150
6098
8691
13453
4654
12815
4292
11684
11681
13322
12421
3114
5409
6543
830
5254
13844
8572
127
3950
6246
7689
1409
13061
4506
7346
9061
14141
1324
8842
13482
8338
9183
4373
4069
12103
9189
13091
3890
11550
6045
4704
10962
126
13596
6171
12327
2738
11071
5059
15062
7478
13992
9592
1638
5751
14464
3504
8986
1501
1086
9714
10720
9401
11103
4915
11871
10225
15257
13242
14919
9308
4368
1834
12994
1819
729
15340
6289
14488
8690
6997
5725
1661
220
6069
10468
15262
8510
8654
7550
8316
2106
2258
6833
3319
3505
6328
11356
6006
10694
9340
1640
390
13644
12224
12768
15380
9738
4132
5355
12032
10833
3812
3531
11228
1757
10448
2199
6653
8280
11056
10090
12298
6363
4337
8565
11961
438
303
182
3769
13387
15210
7479
12651
2895
13762
13228
13215
5793
10555
9998
10695
2076
12502
13768
6378
9054
7808
5571
9684
4348
6942
2721
12612
4711
1905
8960
1778
13477
3718
5493
6842
5136
12715
8403
653
12291
14429
5647
13636
14398
10804
2337
7920
5279
7547
7181
4890
7961
14679
8048
2243
10074
651
12665
2071
10112
8678
6076
10577
15213
6147
12400
14517
11402
6386
9723
2987
6747
1721
1221
66
1974
14942
191
3880
3838
15054
14168
5531
14449
5381
13965
11712
3494
13411
12693
7259
5681
13494
3469
12630
14539
9752
12410
12073
14160
14138
9187
15236
2989
14880
14316
8506
7336
1197
5792
9892
15245
8795
13524
2046
2193
10476
5996
10504
6476
2427
9294
12574
4209
7977
8425
362
12916
4158
6556
2534
12340
2799
9885
7615
13740
13105
3941
14020
12809
14030
13165
9251
3233
10806
12253
7325
8616
3217
14214
14538
11390
15046
2578
14149
199
4673
3725
2661
8852
9558
3288
14896
11130
9719
7631
7449
2798
8792
14303
15117
3047
12973
3737
11891
7856
7521
7572
5477
2339
13421
12228
10495
4520
11793
14715
1265
3321
77
14277
3552
2603
1684
2668
14868
13553
2476
1600
1112
15158
13131
13703
7187
1553
4611
4827
6539
3415
9066
6579
2840
10172
6857
14964
14274
12242
13635
13689
842
8369
6559
8601
7852
14034
10050
11158
4546
9729
12753
10502
12878
13080
11058
443
1214
6000
7501
11706
15076
538
427
9853
9170
9239
11569
12565
14771
7683
3170
3736
6614
5596
6952
6103
1002
11415
14589
14693
851
14426
1042
12102
8090
12532
13526
10906
8220
5431
12354
3829
8766
12792
11187
10051
3239
8877
15206
10515
7298
4510
12934
8462
496
12648
7662
217
3805
13593
6267
15214
6501
4307
5795
8707
293
5974
4979
11504
4362
12537
10617
8626
5330
14887
4634
11127
1093
11288
999
15264
12478
9651
13583
13004
5956
8395
10305
10768
12575
7617
4768
14132
3985
10984
8470
12302
580
6622
5348
7108
12146
6214
14555
3698
2751
5473
4204
7780
11862
15189
2859
7470
9331
8634
13230
219
4169
1537
1598
11637
154
13426
11089
11275
9159
4035
10952
5336
3282
9465
11813
14338
14380
5704
13711
13687
7214
7480
6646
1281
7685
9102
5843
8032
14928
7583
458
14805
649
913
12263
2888
9306
9724
6686
8137
10731
13854
4801
8617
5757
10540
13038
8459
11010
4421
4115
13324
12500
7675
12345
9145
6961
13667
103
216
3581
14580
6642
4121
13824
8828
5640
12452
12114
1410
9817
11019
3097
11916
4261
7200
10039
9058
7779
10589
13948
6776
663
12794
954
7199
10097
14857
7004
5362
14848
11026
768
3243
6821
2513
5709
15026
7991
2783
10967
1474
1360
1174
3391
8287
9317
494
4750
4019
113
3221
13264
9921
13990
11437
822
12031
10640
12100
9924
12000
12373
5367
11774
1303
5302
15282
1269
3147
2728
5749
11951
6107
11116
12112
14299
4440
5628
2277
13263
5504
10547
11772
6853
13202
8446
13048
2282
5975
599
2091
909
9912
8640
8132
12359
13125
14174
9860
10215
2522
6693
4417
13325
12880
5089
2057
2608
6990
2542
2380
3954
8419
7797
14783
13138
1605
6003
13696
3432
9410
5082
10704
1711
991
2020
10023
3947
2611
8385
711
8736
7753
9513
9281
9321
11094
5057
12804
7884
1143
4093
8884
898
486
6494
1779
2328
1172
878
14069
2797
2498
7451
8870
10020
3924
14999
1571
8600
2245
1019
2984
4923
13506
6665
2370
13858
3457
6566
7707
4472
8641
10512
5666
4446
2453
13853
7576
2300
1235
9597
1070
1929
8256
2506
11519
4864
11259
1831
4235
14621
14470
5269
319
1858
14475
4812
13967
732
12730
4299
11362
8482
12876
6023
8760
14476
9890
5760
4100
2766
6312
1193
14263
5525
6409
482
2581
6094
8337
6652
4336
5340
296
5258
585
248
14022
1740
11008
3516
9113
9879
7717
316
10450
2273
2927
9028
11310
13372
11242
9609
3917
7704
3135
14007
14043
9316
11050
9200
11564
1667
10929
1308
3534
3667
525
6146
6054
8328
12086
12189
2602
1444
5943
11647
7106
12101
10470
8099
1835
12044
10824
1327
4102
10725
10063
343
10672
15326
4970
11509
11629
2033
10306
3460
12042
1009
6199
10297
14077
7908
5291
3766
10487
3904
5495
7088
4097
7293
10196
2332
6709
4585
14773
15370
11565
2155
14503
1855
5042
12874
2403
9624
4920
5588
12888
8284
4706
799
13615
8424
5584
10460
7876
13220
11895
8591
11982
10013
14327
9167
2547
15289
11985
4211
4557
6198
5624
11986
9527
6489
2038
13562
6965
2410
1251
2250
11860
4820
12341
7212
347
13181
1873
2408
7602
13182
15312
11713
3586
7956
13998
6928
6797
7860
6527
13147
3630
3461
69
4432
12014
12593
11830
938
1844
6160
15355
10154
13066
4184
9532
586
13052
8794
10765
175
446
7301
3958
6044
12816
9990
14002
10831
2353
14797
1652
2584
7016
912
14737
9517
4904
8225
6580
1417
371
11203
15332
8913
1252
5562
11840
2685
14063
6888
288
13079
11204
13032
8949
614
14948
9649
6353
14241
7229
6626
12049
14184
4909
8638
13398
15378
4558
6063
9455
11256
7609
550
12457
7658
6830
7613
9345
9275
4404
12336
4937
6449
9399
12490
10528
9364
7588
14498
14137
8073
11642
3765
6123
8994
2194
3909
755
8768
6021
15369
4791
1296
556
4760
79
3328
13020
9797
6117
2138
5955
10052
11942
5166
1898
4714
10679
5238
2017
1891
15285
5549
6974
8495
7284
1896
3106
6983
10338
13603
2240
301
14342
3964
5154
2384
3359
5789
15065
9323
13039
10263
536
9474
15182
12458
9807
1048
13921
6574
8618
8203
11495
4484
11121
3674
3472
3943
705
4968
6922
6093
7398
10327
11352
14468
9296
5985
3934
11101
14871
13465
11018
6956
19
8804
13480
8516
795
7456
12584
2777
305
7821
9743
1915
10557
7886
14224
3309
4726
1507
6477
12808
14838
5772
10260
10461
13043
12549
1372
14845
1727
1802
2693
4609
7629
6392
6777
6823
11923
1297
4737
10618
8705
7764
11072
7309
9067
7573
13093
7395
4223
2598
4349
4088
5163
15040
992
8175
14213
13405
4476
8044
13135
4875
4189
539
456
7365
5934
5484
2828
1029
11541
1407
5285
14191
12191
14653
341
12342
4215
11573
4729
2406
12673
13496
8152
13859
4972
1540
8695
7240
14493
9667
13363
4678
1977
31
2917
14134
2229
14567
5210
9262
6219
13531
10065
5213
11948
14505
1427
5186
13259
12495
4395
11661
14284
14851
3428
8458
6593
12813
6213
5978
13323
2510
3081
1879
12786
5653
8721
5049
2098
5828
4720
3069
9368
6148
4468
5146
3312
1080
14403
1450
3855
11563
13393
6236
10611
771
9292
13148
12366
11829
9543
2848
1679
1165
10478
395
329
6855
14044
3199
473
2473
4784
10769
968
1804
1810
14344
10951
3150
666
32
5466
11456
7417
8511
5885
3834
7650
8023
10979
14776
13743
7236
1826
7935
4216
5906
1827
11651
10538
6418
1061
15233
2769
12914
14929
8174
5151
13030
4871
3588
12982
14353
1091
10326
1758
14812
10275
12133
2423
8886
7900
7441
12199
12566
4163
8711
7543
3708
12825
1587
11820
12821
6384
13078
12976
6131
2865
12279
3304
7270
4630
9973
14462
4744
12250
14259
3808
75
6631
9473
12249
9070
813
3259
5298
3670
206
935
7439
12159
5267
14782
10682
46
3593
14295
13447
12054
4591
4887
1944
14842
668
4731
13236
11660
3031
8664
2315
12936
9870
4456
8950
7791
8518
10100
3379
4316
945
12638
12723
3496
12680
13815
8281
9126
9337
11191
4070
9934
10910
2664
7639
2911
5261
1845
7853
13284
7575
6253
14993
1663
5119
13818
8609
6137
9827
14457
11601
9460
5862
8809
4244
1672
7290
12570
656
15324
9414
10883
9812
1767
10968
12925
12412
10680
7850
6500
2505
8047
9446
1955
9017
2574
6536
10364
6120
8298
6692
5080
4740
10026
10626
5617
11746
10785
14513
6431
4777
10936
11845
1089
13217
11431
3893
7563
174
6259
3400
6587
3120
13927
4924
4625
5612
6591
4603
8190
11570
14987
11171
12127
11688
10498
5576
14256
4475
2501
6999
14269
4788
12439
10449
4752
15342
14714
8777
8019
9731
3790
5220
9452
4258
5621
12286
8718
14165
12339
2823
7191
3019
10432
11831
7250
3134
766
6162
1380
1050
7767
9055
3079
7227
3892
4577
6907
15194
15344
65
6327
2729
7929
2171
11768
953
10613
8945
14617
1813
5600
3623
9032
3709
5733
12278
2947
8937
3776
6605
2402
12402
11744
11053
8642
11387
7812
1230
2474
7729
8948
4983
4732
11002
6887
2479
15221
3225
1806
7006
7955
3420
6111
1063
784
5111
2068
3046
7303
9801
12540
5403
6420
1830
12077
3524
11359
14730
15261
14904
3519
12325
12776
11522
6811
1579
8908
14657
2557
9186
12893
2993
14899
15167
6645
10313
8414
2929
11206
8631
9873
7844
10307
3241
1592
12984
3367
3076
10182
8858
14512
7060
7002
4687
2686
416
2360
10452
4694
124
5337
10916
4722
7807
10488
4758
11391
12554
14355
14325
14741
4505
12539
939
13429
6067
13341
18
12736
10974
2241
5758
7276
13438
10930
3556
9704
13219
4380
3049
4855
10318
8289
12866
10483
272
11954
13441
2338
4135
1405
1299
1841
3085
4500
14177
12255
10606
1083
1054
12297
1910
9914
879
4057
10216
7198
12940
7636
9041
7483
14518
13290
4607
6868
7734
2006
1331
4595
11385
14279
7079
3493
14285
8375
271
9710
11698
8733
439
10670
15226
12885
7809
11510
4233
4297
9114
7167
4941
11867
9598
12536
13630
12064
13
7467
4188
11606
11376
11676
12226
931
1464
10121
5101
1995
14520
111
6465
7333
5486
3065
3502
10415
9745
7903
5747
11149
9647
7245
3622
9830
7014
7663
11137
12005
11932
14852
9720
12824
8587
962
8724
9421
12443
4017
5901
4046
871
5379
2132
13831
5664
990
2112
3281
2641
4125
11360
14801
9286
14854
9512
12492
14361
8894
7148
3786
7581
12767
15228
7953
3278
6708
6352
6598
7757
5646
13941
6488
6509
10235
967
8629
12125
14864
12321
6525
1311
12599
7731
5810
12692
1714
5896
12671
4273
5432
12004
11082
4960
5200
6786
7205
6460
12605
9759
4797
11109
9703
3962
253
9154
8437
11739
8802
10309
8457
7674
10457
239
12762
10662
13899
14507
13759
8993
11815
5860
8092
5185
551
3001
4638
7314
4626
1153
14732
859
13473
3287
13695
6606
7911
7217
13892
3801
7026
9675
1247
10390
6191
8455
5389
12240
11076
88
7878
2940
14802
3872
5412
9083
10387
5651
11488
10533
652
6562
13631
9339
12948
3011
10480
12607
10042
332
5481
6978
4762
8008
5741
9713
11992
12436
742
7311
12859
3406
7771
3666
11192
8390
14684
12657
11293
12017
2396
14496
502
6008
5290
6953
7254
3986
3361
4804
1984
5177
11934
8389
6324
11377
13243
2425
5881
2752
6202
7722
5196
9717
5920
10372
1526
3373
2228
7940
202
8806
35
3463
4681
14903
7453
10033
3672
1943
7163
12348
1216
8422
10064
2136
2891
8179
5145
4822
9417
9078
11848
6893
5061
13391
7655
7641
721
15386
14626
9716
1081
11172
11749
8590
14914
11683
791
14162
5923
8855
10770
7872
9951
8647
109
7339
12459
8426
11449
800
9001
3166
3055
10656
10337
1528
1202
15275
1423
5849
200
847
14578
4111
12463
11544
12631
14613
8637
4181
10024
2
13335
5188
8666
3592
12350
13869
10131
6168
11619
5924
6577
2597
12685
13278
664
15123
628
3900
11743
3193
7383
14752
2593
13108
6909
4705
9458
11687
6437
4144
3861
10713
2553
11526
15351
71
4487
4564
13898
4415
6027
12194
207
2970
14085
6340
11368
774
7647
14003
12647
11012
5458
10316
8365
10103
3436
12719
10239
12666
13035
9062
11551
13625
2104
13576
14648
6270
14206
1594
8985
8376
3748
748
9966
13514
13511
3655
9477
4988
6141
11643
14627
2879
12337
7661
6822
4180
3068
4602
9266
11458
821
643
11817
8079
5351
9366
1492
12828
11011
5173
5150
6603
3551
9575
7519
15171
4392
5567
1237
896
1395
4623
6204
6015
9511
13223
5183
7803
5538
11703
1832
9777
4015
4426
11308
12832
14439
15216
2758
3206
2419
7992
12126
10079
3476
13109
12170
11212
3611
9198
13199
169
12383
12698
13310
9038
12805
14100
1967
11507
11102
12854
14583
2039
2745
6831
3868
11524
1692
1881
11023
7721
10084
5833
15389
11317
8539
637
9902
6493
7993
5288
8566
6256
7010
8716
1613
6800
12233
6374
11265
9495
14170
3897
188
11989
7129
4563
11389
897
3631
5318
14041
14988
11796
8308
14245
13319
8533
5523
2285
5593
14753
2415
5236
12661
7869
8717
10459
5104
7598
4885
12706
9610
11649
9373
15191
4946
13400
13971
11680
14492
3835
8186
10544
14484
14434
9472
3330
7292
9255
9486
2329
9080
11454
853
13226
45
8685
3528
4208
5619
13577
9000
3870
11833
6676
2702
3677
7053
7058
1551
5108
6278
7360
13698
1074
6878
3138
4647
13229
4062
8846
3122
1000
4014
14207
14442
5490
15003
13806
6647
3721
13911
10600
13481
14939
13767
4497
14280
8525
10426
98
5006
10395
12550
13648
11422
14340
2034
6357
2905
6461
9538
3733
1152
2242
1648
4759
6573
1619
8330
648
9287
4600
9787
6962
7119
7244
7932
10055
10162
13471
10944
685
667
3841
13059
5283
13580
3371
1475
9727
14926
6521
8042
5105
4833
6882
10092
15391
3020
14033
118
14658
9103
2723
1481
1494
14602
13957
6130
6941
5721
13732
5273
13733
7409
197
12675
3306
7158
12544
250
5308
437
26
13450
5451
12981
5915
4779
4378
11538
10896
1889
8055
1937
9897
13201
12833
4509
2274
6452
14465
875
8622
2953
3911
15367
2711
13893
11940
1849
8923
735
9272
937
7101
13622
9509
15105
2116
14042
2102
8018
10126
399
9711
15263
5913
1118
7124
4360
7416
810
8497
14370
15173
14521
9194
15307
846
9299
12582
10218
4099
2920
8827
2673
3866
5561
10527
10499
9448
12930
6841
950
5137
10586
2776
8412
6471
12210
3716
9428
6026
15147
4055
7447
11874
465
6689
11952
237
5858
11202
4079
6201
14260
6861
13054
4531
529
15195
12886
13068
10296
9264
5135
6520
4466
13317
7567
15064
3423
3027
15397
6305
11863
12135
647
14289
5598
11736
6852
13974
11230
1326
14379
2028
4916
2062
1636
12139
15181
13839
9105
3697
14584
452
2260
6817
80
2146
8893
3714
14307
1390
6998
7858
14172
10781
14014
4683
11904
9049
8786
7257
14745
11861
10788
14659
3695
14337
3828
15183
15113
12381
696
3965
5922
11873
10603
11223
4977
1901
12568
12819
12406
15114
14491
7818
3799
5663
5056
3976
11735
11556
11078
12121
1708
2118
11278
3266
5012
1278
5209
866
4615
9606
2469
3650
11769
2101
6511
2185
8382
3977
13041
480
5999
397
7847
2362
13900
13139
13084
8989
9695
7946
3864
1536
5237
2230
4433
2127
9384
2855
1099
7806
7855
224
11576
2759
15149
1022
25
11775
12694
5419
2289
2377
10109
4329
9672
9823
11577
9547
14650
10017
10584
7887
4065
9646
11455
8078
14382
11925
9107
14566
1110
1539
5554
4514
9666
10173
10341
475
10624
5713
6701
4305
7204
10354
14406
2400
11378
571
12365
5507
3248
10605
11329
12290
12322
14329
4173
8545
7966
8783
9662
11494
6679
1325
5368
11305
8874
7464
12015
12751
1644
3561
15163
3190
6769
4077
1473
9599
12962
3299
12328
2541
12040
12839
10735
12083
13968
7781
665
15190
11673
3427
6245
12408
12294
12259
12394
9042
1398
7446
14586
5400
14552
9996
9461
1705
14321
3745
5457
10443
12142
10740
10176
2545
14951
9565
14112
3971
7952
1119
1203
8267
12650
3332
9911
7692
5683
11700
1695
7481
1031
14545
2023
10706
3174
3955
5527
5864
15269
3237
770
15301
1952
11931
9625
4389
6884
4255
10083
4593
6383
2369
13847
15225
9249
8807
13803
11099
9642
9094
13046
5217
12371
15122
3661
5558
13548
12256
8620
7448
10032
13388
13047
3798
8107
3485
14795
8415
8479
8003
8603
7755
4138
5599
9806
11367
603
7682
13746
10995
13110
2350
6533
10921
13128
6426
15258
10987
12637
11216
3219
3860
10719
13435
7302
6032
95
1027
3083
11068
6740
12214
3409
7985
4313
7192
10604
13891
10739
235
6453
15074
12058
7713
12473
8871
2974
4542
6898
14250
9387
10371
9600
754
10817
13318
6325
15177
2845
5879
14945
9551
5580
394
7537
576
8542
4075
6356
4866
11035
7557
1874
8848
14966
12649
13975
5397
7089
14264
2348
12643
10056
14204
11748
3863
9822
7614
4573
5700
10877
4289
12812
5607
13572
13044
6194
7891
3946
10133
9192
3580
520
5739
9980
60
13693
2099
11588
13972
14272
4271
14623
6483
9100
9864
14155
10287
10852
15382
6055
10534
8335
13446
2270
8394
8784
3223
11792
8258
1261
7962
2191
1185
3300
6066
9510
10703
9288
12797
11675
12872
14011
13816
13027
9515
11451
6144
7029
4206
12793
13389
3768
6804
11093
8013
12910
11463
6345
2210
10903
8984
13001
10684
4568
9325
4930
1014
8484
7616
8056
2877
6675
6389
6016
4686
9290
11459
3171
1680
5670
4263
6695
3644
9471
258
5684
14809
12449
10873
2810
3146
15034
1169
12503
8467
10821
1156
7553
15323
14738
12055
7277
6931
5883
1853
1777
11157
1470
3578
6959
125
9069
5702
11438
683
15280
14688
1273
1367
593
3783
196
6387
13287
4803
10409
11787
10465
9791
5841
12985
1689
9750
13639
162
9053
3023
12646
9507
157
8123
14638
2212
11365
6696
5645
14394
6336
2632
12956
3649
12835
2986
1776
4393
2764
15202
4679
7429
4332
2747
2151
7047
335
12021
12111
844
7081
11179
2050
2564
5832
2078
5912
3051
172
4074
2354
3446
7497
14110
5835
7340
11060
3101
10304
13175
11568
8530
9595
9984
7787
1801
1198
14423
7720
4717
11545
11512
286
12789
10155
4894
6555
12614
14816
6315
9531
14825
7054
1446
4150
5197
8595
2293
2864
10290
2364
12573
6347
12239
8118
9618
4491
7626
578
9237
8767
4043
6934
8185
8672
10158
398
4283
10524
3208
10350
13057
7863
13010
5463
3859
8942
4250
9882
5192
15387
13862
11666
4137
14932
2669
2100
3201
12466
14708
4140
14156
2906
14232
12820
5378
12915
5155
4692
13904
4340
3811
9732
4165
7505
5750
9699
13159
2051
3360
8368
4376
436
133
4652
14258
13320
3307
7528
10772
13254
3982
7654
10315
7454
8236
1069
2552
3442
1035
1051
10431
4672
3091
12683
13089
13834
4148
15032
11767
9702
9468
14921
12376
9278
12823
14860
923
6085
8159
64
9898
13887
10728
783
14608
7693
2789
12553
12409
2331
12807
11186
8941
4212
826
11218
7898
7172
4391
12295
13428
3127
14276
9464
7534
5384
2334
11405
4272
13659
5011
11724
11299
5865
11167
9480
5559
12572
7285
2011
13983
7442
7667
6687
14641
14813
10377
10115
3873
14990
6435
12269
2956
560
5560
9674
14504
13533
2079
7296
7943
4945
5626
2207
12293
6358
1764
9235
1993
2181
11148
15090
1138
12384
11652
11070
5633
4961
1927
860
7218
324
8982
6988
10816
9
14667
2677
3871
391
13252
11144
1060
10130
8999
15363
1706
2445
13686
507
561
1945
14246
14689
10500
13501
14111
10596
11309
12317
10594
11428
11142
4769
5979
5603
4304
12855
9582
11928
10339
13119
15125
13827
13248
13699
7248
9307
203
8958
9680
12207
2005
13157
2793
2296
2007
14314
11761
4186
8147
12689
7591
442
12861
3041
14620
5125
3756
7494
2061
9344
3999
14974
9153
2801
606
7905
3632
11180
3080
10823
15166
9692
8133
11408
12943
13470
8748
1337
9297
8022
13705
8743
10837
1502
7326
7307
15224
9944
14024
6428
4786
6617
7705
3764
5668
9541
6644
1082
1725
1610
115
14074
13408
3230
4862
7566
11715
9556
3088
2588
1785
415
5207
290
9573
1654
14067
13872
802
463
3284
12193
10655
11042
3236
5517
4534
10646
12949
8401
2994
2829
12441
1196
9363
3535
1391
7620
14010
6349
8096
11542
11484
8114
3459
1642
9833
13021
11481
2575
9957
11994
1907
4690
14655
8139
10244
4987
184
8239
618
14924
13841
9975
1204
10579
13556
11593
12995
10034
13484
13654
14190
6337
5710
11300
3148
1771
7783
1484
276
13517
14304
6050
6505
6516
13575
8519
1124
12487
12810
11897
22
12955
4969
4053
13176
11708
6344
9127
4190
4246
7337
2631
3794
4379
12564
9741
81
8293
13519
3707
7356
5393
12688
1545
11851
10295
5797
8303
6196
7840
2866
7538
15227
14587
14765
11297
4001
12057
8633
6018
868
7559
15043
4286
14907
3172
9706
14892
10723
6826
10560
10530
9918
3155
14806
10286
7098
14128
10143
13062
8969
4844
187
3782
2762
14293
1769
8957
3154
11302
9633
14702
1057
12592
8223
692
3558
5837
1900
12771
9191
6485
7452
4592
894
8243
4228
7134
9574
13791
135
7915
11657
8988
8996
5023
5819
13987
14811
8731
8431
2012
1792
14759
4517
3205
2113
7695
5369
5629
5078
2975
13404
14729
1590
1890
5545
12538
6307
14941
2511
9254
14093
1761
8741
3113
9896
3103
7536
1950
8357
6060
3249
531
11316
13753
8799
7817
14489
12230
7038
13174
15347
11139
4545
9420
14743
14381
12882
8447
1544
7763
13757
1075
8486
8011
3498
3907
2470
3517
5180
3132
1149
1685
7493
6442
7351
12481
3273
5510
2295
10445
4351
8790
4365
13907
1623
5141
11164
932
11988
12749
559
634
5110
3539
7465
7392
3364
379
2551
14839
5314
8499
6473
13362
3618
10357
9442
1007
4199
10664
11496
2015
15127
2105
8448
602
5688
3514
5388
3045
3422
12046
6295
13366
3143
10846
5981
15396
11465
11725
6700
11607
6889
1816
12830
8477
14774
2405
10132
12522
12158
7587
9954
5882
1162
11717
10245
704
13485
14516
8747
4201
14437
1171
814
8311
625
543
5658
10324
10638
14253
3602
2267
7414
10919
6954
12251
13801
2345
13403
13664
14630
12331
12312
2308
163
1178
15212
14784
4854
8895
11532
2495
5718
11375
14576
13823
645
4859
10727
13566
7657
1935
1292
165
2375
3809
10913
7074
2156
12171
11043
2391
8038
2496
2718
6119
14893
14211
12497
6422
10209
14059
1840
9567
7184
7256
7384
7877
6612
2466
12755
2861
9903
11263
9792
5780
4815
8987
4141
9047
8067
9226
13026
479
14216
7406
5992
9985
11020
5072
10774
11326
5284
7435
7659
11834
7703
4257
13771
12203
10037
11864
14911
10601
9095
6630
3149
11699
5634
9005
10598
8563
7188
15030
12442
9445
3546
716
7046
14522
6715
10948
6165
12635
8216
7287
4352
10071
5073
3168
5438
5537
10564
3458
15081
11636
7880
6447
2257
3989
10380
14430
7739
8490
9981
13588
13377
8481
238
14746
7289
7508
10857
3731
12107
4346
7262
13600
2707
13214
7152
3784
3867
9466
38
14616
10206
11752
14356
887
4249
13604
7986
14322
2215
9519
6939
13920
9008
10289
8252
11374
3773
11773
4374
4559
12494
1238
7482
9993
3542
9585
13191
4118
12516
6292
7142
9928
885
14832
5582
1104
2726
10434
2383
1503
4657
7145
7618
10844
582
6783
1047
8968
13754
5766
4893
3008
11114
5917
13535
11949
863
7196
10791
8200
8605
1220
5716
8150
7868
13723
1433
12059
9849
2317
193
5648
7607
7565
9443
7965
8713
2192
12454
6886
7756
9311
10793
11594
2158
3297
10423
13208
10153
11521
10361
14690
11890
8496
7070
1416
5844
13943
11609
8379
8249
13832
5649
12355
440
9974
1328
1754
4852
8166
3741
998
9652
11854
11231
2606
14841
9393
2467
11185
8305
2340
3997
13956
8061
14955
6339
6362
4776
5001
900
12006
5808
11514
5959
3394
1228
11852
7646
8453
2795
10242
5158
13385
6150
5604
244
12663
13102
1852
850
6718
5034
8746
12844
11014
9620
14357
2135
12626
4947
4569
13488
2860
14933
10585
1368
2706
9844
2205
4931
6257
2022
2048
9627
11298
11757
11718
11260
6737
2937
15292
13917
1712
7690
4793
777
11622
14601
5132
14815
7166
3570
12655
14755
13040
11383
4221
9761
10889
7531
14079
4175
1611
12645
4579
9988
3226
4239
7525
7443
4293
5500
7457
9377
930
7210
12891
4903
6189
8405
15319
14192
8207
4956
11726
132
11268
10442
540
2733
9715
13901
714
2794
9397
15055
9586
11965
6396
5448
12989
8523
1531
5424
10485
5769
4584
1913
10566
14800
14201
11984
4870
1191
14721
3948
11644
751
3837
674
8544
2003
5689
8820
11734
2979
7541
2618
6395
9682
12467
5932
11728
13786
5744
12682
7742
3781
1604
5662
460
8756
14108
1718
8782
1044
1322
12642
6829
13344
11238
11539
10004
9051
1463
9636
10724
4151
11610
4397
6157
8071
1101
12422
3246
12407
10148
6604
6825
10856
6507
4073
737
2044
613
14163
13360
13724
3604
9886
14733
12002
14944
15309
4617
13161
6237
2698
6712
11843
9840
2189
9874
12979
6881
4796
2056
13055
13949
12438
15022
7332
6549
4203
12764
8006
1052
3842
11407
8714
1200
12845
7335
13985
10204
2358
8021
6152
10989
722
2041
8755
8030
15341
158
8146
3425
11783
14309
14146
8668
542
5334
2934
1205
6870
11384
11480
7604
1495
11665
13053
1369
13882
789
6235
1432
3850
1698
6787
13071
12335
10922
12116
3431
7213
11492
10151
6417
1798
9155
4439
13848
6034
11876
9119
2344
13989
6761
7595
3286
4455
8469
9760
11529
2031
14008
13751
10764
13356
10941
11600
8333
9602
605
13106
5112
4772
1606
14376
6541
1319
3092
2516
6403
7197
12511
14734
9475
3191
10674
9110
2067
2268
8397
5344
3953
13916
11207
14694
1382
7144
14861
2724
2374
15170
3722
15350
3109
8145
11533
3074
13961
1381
5623
10814
5312
14680
3269
131
15053
12986
5377
13959
11074
5140
1629
8373
1451
6112
1538
8896
3018
6581
3456
11516
782
1734
10766
14182
10828
9168
6973
281
2858
8024
5055
6369
194
14704
12787
3439
7564
9342
7122
3071
5047
6260
14388
14902
4338
4047
15015
1738
8072
14900
14422
6145
13260
11598
8059
13491
719
4587
9562
15061
12115
15243
3642
4198
5615
13621
8299
14881
10408
10224
8763
1576
6513
9233
10593
6595
13029
5439
10822
5589
10435
12514
14367
3340
171
410
6944
9881
5791
14217
2054
4087
10352
3734
2013
13684
14735
13846
14102
11537
13483
3467
3849
56
12211
4463
5131
462
11716
13171
6372
1334
2549
5102
9389
9210
10095
5008
13468
14345
9516
4418
11319
5536
2892
11799
1161
275
7723
292
9117
12144
5247
2278
13065
4275
3919
11155
5953
5103
15353
3214
9895
9236
6102
7503
641
13855
10820
13012
11399
12318
12486
6070
8087
13662
3678
3455
5437
11827
11165
12428
11161
6444
3429
2368
12628
12662
1486
11632
14036
10311
12972
5281
1079
5303
1782
14441
5058
11055
10614
9184
5903
4571
14467
1523
13457
13822
7748
363
13561
1422
2010
11261
6572
1209
1519
761
956
8556
569
10122
3969
1468
8558
8247
13717
7679
9764
10362
5993
1616
3339
10027
3411
11016
13589
14113
7866
7475
9212
564
6615
14962
12162
1280
1924
2218
2266
10717
3050
3825
9548
4185
12858
9267
8494
869
14490
5263
9949
6806
1199
2508
8283
4291
3464
11213
9671
1746
9733
13351
11901
4938
10529
13127
6697
11518
6561
8762
1267
5461
5669
10518
8879
5526
13976
14218
3992
11693
14508
13452
4218
5234
10780
11392
2507
3932
8036
12275
15017
2886
9280
1415
7532
1402
713
5581
5208
11193
9768
12601
7455
752
3728
7146
1660
12644
6879
11069
6798
3700
6714
7400
6382
555
8564
5811
13715
7888
2016
1589
9880
6745
4597
8866
13970
13382
13885
1962
4897
2272
13766
14970
2696
11004
9893
6967
4913
4483
12375
499
6106
8708
97
8035
13185
1307
14027
8932
11499
7969
12547
5505
13709
2248
7556
2967
14121
14565
10119
6108
5189
4780
6661
3354
706
8173
12624
528
14080
2052
3822
12977
8798
9737
2426
1115
13547
10291
4120
7594
10521
4790
2314
15142
15238
7359
6885
8320
4764
4191
13981
6634
142
5022
5777
11152
7357
1339
8191
2434
1951
10874
14798
1441
14150
2821
4247
3032
10325
6492
12200
12918
11124
13444
5845
7709
818
8297
468
6681
535
326
7268
2863
10632
6664
6332
13076
2036
2991
1072
11029
1406
904
13155
3752
12218
11100
8058
4396
14959
10554
435
14453
7097
14849
4356
2183
7252
5931
4747
3345
12237
7930
6367
980
3250
5566
8657
10016
8176
9195
15352
6594
7130
11215
756
3635
7263
14257
7242
13953
2153
11477
6398
257
5722
5171
10308
6250
3102
13623
12965
11697
12632
8825
3771
5164
5017
4127
14609
3440
9274
13009
14202
8749
9608
13495
11653
4515
2889
8504
15001
2502
4975
11033
12309
14862
12947
1820
12993
10937
13365
14231
958
14463
13430
13934
7845
4465
14654
4052
14978
8814
10508
14448
3203
11941
3337
3637
5395
4179
5514
12838
13123
10246
8770
12900
9425
13518
6404
4187
2663
11115
14514
10796
6568
5031
4958
2700
5676
5206
8576
11944
8897
3555
2656
14568
11090
1971
2311
10022
9088
13843
11973
827
11119
8180
4604
758
10268
12305
6736
2523
10673
6775
11189
4605
14593
3681
6450
11585
12065
2569
294
2942
5515
13296
2487
14477
11559
10134
7589
5426
4157
12580
8735
6239
2302
5350
7133
10819
2826
3181
3512
14979
11444
13418
5496
3377
9002
1487
14758
6081
7413
10551
12721
6217
14685
2084
2817
7593
1343
1361
128
7138
1043
3486
13190
8440
4581
323
13545
5386
4279
5910
4612
7651
8719
5563
15162
1374
6840
695
2382
11721
2727
13944
12871
12674
14588
11474
617
888
13551
14055
11638
5307
2923
2271
3972
3830
4896
6455
12068
11756
21
10011
3974
14485
13101
12625
12766
11354
1476
4588
11409
5487
3800
12018
4092
7558
13448
12840
12387
1513
11245
1596
2614
287
11038
1243
213
8025
1290
8102
9258
6209
4873
6025
12512
10689
8442
2120
13049
13607
295
6430
4631
7132
10045
5930
12990
11870
10954
10336
14236
2167
2740
1675
11780
12929
14233
9545
9004
12946
14377
13005
10667
5520
4119
11404
14346
1682
13641
5240
14750
2148
2318
4598
7699
13960
430
8765
12050
3935
598
4091
1981
2954
856
7622
3968
91
5335
9071
8956
2779
3196
4405
9178
2412
4773
6802
11659
8255
11295
12765
7131
6530
2014
4951
14581
13086
9140
10156
5278
1498
11294
9865
8075
5656
3372
12474
13708
8292
8005
12970
10243
12352
4817
13578
3949
5194
4516
11558
4529
12590
3322
9677
9329
13790
12747
12506
14071
9693
4899
2742
1411
9315
6151
9322
12729
9205
11505
14710
11902
1168
10433
11085
965
1130
14526
5610
15154
9619
1285
5325
6666
4540
7592
7893
12268
9701
11344
11847
10813
6592
5969
10386
12772
13863
4278
1469
14756
4614
12561
4321
1392
11686
11560
10750
7925
13812
6087
925
8404
3628
7688
14780
1561
1184
5585
13273
12677
929
6936
3390
2000
12873
6636
13802
13775
9851
5037
5921
1954
2624
5786
4312
4303
3491
11850
2432
4948
12499
266
2908
12595
2256
4011
12617
3093
7251
10419
2346
11599
11095
9611
1645
11835
15059
3137
12460
4042
9640
12654
14916
1439
12012
8271
5090
8887
13167
12136
1765
4616
11900
6441
4959
9726
5370
2613
10484
3772
739
549
11857
10688
10736
10150
5877
14705
8438
5309
11097
8983
6812
12420
40
14910
974
13586
4962
13407
14405
13761
10743
15124
8202
8541
6972
12260
373
4442
15025
7403
12356
5157
9940
13299
2775
2600
9529
2744
924
11051
8933
2926
12391
13216
14275
5416
15006
2252
12818
14460
218
11508
591
6089
7916
10401
10862
302
8788
4084
8069
7487
434
9456
2732
7080
13373
8574
10899
7330
13737
11711
1229
14145
432
10590
13113
15172
4825
13995
3145
5707
1854
6575
3597
1872
9915
15145
12183
1489
12552
7035
3901
7355
13390
1435
1669
4636
15349
14866
7052
7415
10972
13315
2269
2844
13247
11584
2287
14712
1102
12559
10355
10241
6526
7234
6432
5854
7540
11279
2568
9079
14354
13836
11133
9481
1683
11889
2676
1400
119
10262
524
13653
7919
5971
4754
2595
13472
12118
14540
10161
8856
8322
14829
8573
5092
2053
7462
13789
9023
5478
10815
6174
1822
6334
2144
1812
1147
10257
13129
12865
12026
3952
14212
485
5260
5989
3573
9447
3433
90
5761
10630
5244
6621
10609
10343
9426
14634
6843
1574
6819
12108
8737
7028
9584
13573
6597
1729
10981
1323
10365
5464
6731
14826
12221
333
2946
3183
8483
12465
10619
14474
9151
4110
9206
4029
7485
14075
7741
7517
1921
2699
11771
8803
5831
12903
5699
6454
4436
461
12555
5945
7950
2682
180
10977
3554
1120
9413
9763
10312
5025
8796
9141
2385
11812
15
817
15133
5398
4025
8776
10648
6732
12010
2313
5305
3005
13704
523
13045
5479
1762
6491
3629
3874
6979
15267
155
11134
2814
10976
13168
10563
12097
15184
8219
4259
8101
3404
9283
11750
1521
429
6170
5824
3807
13932
14870
7814
14543
8729
8853
3471
4049
4202
13449
1953
4878
317
944
15222
11182
11122
2531
14450
6772
3696
2716
12315
9544
15193
7349
4324
6380
11865
11398
15304
7410
14399
3042
7548
13008
7291
1295
11797
9328
9238
14046
6517
9313
14052
7382
12423
7260
10180
2948
4935
4905
1821
6951
10885
5754
11879
14360
3970
4810
417
7796
1462
14352
15334
11832
8974
9318
9683
4888
5859
793
7810
3727
9043
9122
13033
11579
6721
6474
7422
9003
8430
6377
4123
14631
6482
6127
10186
3169
10634
10076
11346
13875
517
849
1345
11220
11531
13674
1491
8538
14227
3852
2310
8915
2898
7090
14409
5908
10378
5295
11945
12316
4009
1253
6845
8816
13212
1833
8466
6727
12324
662
2725
8020
9999
3110
1499
1192
8312
699
3921
632
7114
7474
4152
11731
408
9407
13619
11025
3820
4400
7100
10233
8136
5361
1440
8489
12728
10271
15175
6977
2359
5631
2456
11205
4814
13897
11696
123
5868
14078
9983
7115
11315
1928
14711
11630
11705
10469
2579
181
5698
5944
13160
2030
2757
1346
10602
10228
14407
4965
10333
5126
7
13840
10994
6351
3007
1485
12602
1263
1465
12548
1250
15232
2145
14977
2009
7708
1421
6264
3938
6694
11497
3979
2739
7376
12937
14709
3710
5731
10410
12392
5779
6118
7910
14107
10146
9546
14591
3648
2919
11905
858
4056
3426
6207
14632
13565
7160
1909
3044
2972
9037
8967
3100
12740
14348
9036
7159
12066
12061
8240
676
2307
15338
9163
13817
2566
14339
11980
5027
1772
3942
9505
3291
9987
700
11640
14913
6601
10891
8463
5960
2223
11967
5914
6037
4386
9109
8324
14836
3301
5871
15152
11059
1129
12505
195
848
1522
957
11440
2910
5694
13881
8432
1279
12618
9978
13661
11312
10128
514
661
995
12849
7579
5366
13178
1933
10446
10332
7883
14159
8821
2450
8927
13231
4530
1726
4471
14682
12434
7784
1379
15201
955
8112
4213
13783
6633
2594
2024
14938
2304
6863
4128
12479
3973
14050
10214
2951
6835
10462
9398
8555
5216
9181
10653
10882
14831
6748
6438
13145
14015
5374
2592
3388
10302
7545
14692
37
7857
7491
4
7363
2209
1376
10269
4662
3645
15134
1745
745
76
2899
3254
9916
9392
1970
7978
1378
10959
7841
9959
10181
1510
12938
3660
13673
5916
11241
13022
11903
9040
7343
12488
1210
10402
6379
2756
13257
14179
13348
9945
3310
2536
12852
10199
12742
454
3881
12562
2097
3253
7042
3566
4205
11962
2025
143
1157
1356
15095
12991
13292
971
7015
15253
6837
14363
8113
7237
3669
14084
14335
5723
11135
3536
12829
12416
4928
8026
11332
607
13306
13520
14651
9755
12588
9390
7222
4416
70
2915
12382
15106
15372
7994
10217
1969
6668
5482
4599
749
13088
13240
9134
11809
3413
7225
358
14878
7211
10205
5289
2525
13883
1756
15294
15155
8475
14696
7653
12713
9555
8480
14897
4229
7825
13651
12498
14671
7390
5967
2141
11277
7107
10127
2355
5425
13634
5098
7805
9773
7427
12963
104
13681
3686
7329
906
2867
511
12961
1886
11677
9327
2235
12075
11401
8662
8696
14981
10110
11978
451
12959
10758
8269
8745
10608
2431
183
11339
8004
8581
9673
7687
354
6947
419
3186
14378
4217
5540
2710
2173
1621
1893
11635
11334
3276
14323
3202
10359
15361
12179
189
6828
12520
8361
4818
15151
12155
232
9821
9391
7352
8726
9024
1808
9077
757
13281
11975
13164
4059
702
5637
9655
12734
11603
10701
3468
2960
6662
5673
1467
1976
3548
298
9749
5708
6912
3865
14596
839
13963
10887
11064
3847
12504
2165
6071
105
3185
8454
6475
12396
13211
4473
8285
10711
14775
14197
2411
11075
2770
3694
5575
10587
4548
8602
1930
455
15144
4659
8250
2043
12670
12664
1864
7889
11194
11722
3923
9085
12958
8364
11209
14023
9320
13569
1260
2483
15018
10069
15322
9349
2342
13813
12791
5178
5632
2409
14209
14788
3213
12817
3355
15013
1542
15249
6406
11839
7949
8623
10066
2029
4756
3157
7118
13582
9982
753
6640
7255
5044
9492
1399
1753
901
7318
6671
4372
3333
11125
13007
8221
2485
447
1286
8899
14598
7665
12777
9440
10917
15157
9093
14656
6275
3683
1998
14028
10165
5805
876
11286
2561
1139
14980
13440
2178
11826
4665
359
726
2452
8514
15049
12521
1429
4082
10000
428
1195
10379
4807
9557
2227
10310
14764
9933
1106
15116
8978
9104
14997
8785
8660
3823
9087
10966
2688
6809
7350
10752
12867
8604
1911
9245
9852
4230
12781
9444
11872
2790
9115
9644
9139
2570
8196
2890
12634
13669
14611
2398
14154
6760
2447
3937
10687
2125
13984
9046
2471
7126
14109
14619
8010
8296
14026
3803
6839
13870
6791
1352
11000
13142
2435
3621
3257
9063
7785
13988
733
3792
14895
4533
274
11311
12196
15248
657
1647
5070
11836
1736
11971
8086
5174
141
14481
5018
1036
895
12714
8362
10047
11672
13513
2835
6251
5456
10721
3576
5597
3584
4171
2035
4480
922
9605
2058
4828
7719
5041
14302
12206
9581
3572
3862
