14
35
46
83
93
94
153
170
184
194
238
289
292
304
320
462
492
494
584
623
638
684
692
708
740
752
765
775
781
786
791
885
915
952
964
979
9
12
86
121
127
132
166
168
193
205
246
342
390
395
405
507
544
563
569
597
646
661
666
756
795
806
812
814
858
859
969
996
40
64
71
96
188
383
430
460
501
527
619
667
679
737
837
841
846
929
983
56
58
62
235
243
287
365
566
889
946
2
23
52
91
105
111
141
164
191
208
244
315
378
398
410
424
441
477
487
498
500
516
522
537
554
562
593
594
744
819
826
866
868
886
910
930
935
955
960
967
976
1000
115
636
668
729
1
11
293
306
655
663
675
21
90
119
154
197
269
373
473
493
529
588
687
703
753
807
813
849
853
865
881
895
135
196
231
382
475
625
626
689
789
155
169
187
211
229
328
359
381
504
570
797
943
87
134
162
612
637
650
784
965
50
53
109
110
234
272
308
312
316
329
370
401
469
488
586
607
710
747
749
767
793
808
854
888
898
944
949
993
998
82
122
150
173
265
309
479
787
8
338
485
693
947
99
129
252
339
345
455
538
540
574
642
686
727
796
827
828
867
990
3
6
10
15
24
36
41
51
54
61
63
65
74
79
88
102
107
108
118
120
123
125
133
138
140
142
147
148
149
157
158
165
171
172
175
176
177
179
181
186
190
192
202
206
209
212
220
223
237
240
249
253
256
264
268
271
274
277
280
290
294
299
305
310
324
335
341
349
351
352
353
354
364
369
375
379
386
387
394
396
397
399
402
406
407
408
418
432
434
438
442
443
451
458
466
470
471
480
483
484
523
532
534
535
542
548
558
561
565
572
575
577
578
580
595
603
604
608
613
615
621
624
631
633
647
654
656
657
658
665
669
672
673
674
678
680
681
697
698
700
714
717
721
726
731
732
733
734
742
743
750
755
760
764
772
774
798
799
800
801
805
824
832
833
835
836
843
856
861
871
873
877
879
880
887
890
899
902
904
907
914
917
918
921
923
928
932
934
936
938
942
945
948
950
962
968
970
971
977
986
988
992
44
273
356
464
567
573
694
730
763
803
804
981
216
506
582
839
920
201
207
319
596
711
785
818
30
126
413
431
639
748
771
18
34
643
777
848
29
248
391
521
761
782
869
874
922
130
275
541
555
707
939
76
266
360
489
598
662
699
263
276
288
400
448
513
852
959
218
409
437
592
736
994
412
214
445
546
653
741
840
894
321
601
649
754
926
45
533
696
844
941
999
159
323
404
415
557
576
73
143
222
393
641
822
862
124
185
167
189
255
605
635
723
47
67
195
446
456
560
691
829
956
973
57
180
183
210
291
301
357
634
783
911
174
333
549
225
300
322
706
909
25
32
347
49
403
757
367
463
897
937
75
326
511
591
896
545
927
66
296
508
251
348
426
447
495
951
313
618
640
131
178
236
285
385
414
435
453
478
499
525
629
830
834
908
933
954
989
997
85
250
258
388
491
510
519
585
589
671
919
925
579
599
622
780
19
28
72
152
219
311
334
350
361
482
539
614
659
719
779
821
838
677
146
230
233
278
389
420
581
590
239
702
872
22
81
509
645
762
486
505
587
683
857
906
4
556
974
128
199
355
536
600
632
33
200
213
728
916
59
84
571
628
433
891
78
136
809
810
627
617
80
60
497
815
343
616
715
745
759
901
958
380
543
878
346
552
769
116
267
474
816
137
204
242
260
302
823
720
31
845
876
270
261
602
685
924
89
427
496
704
758
363
870
42
43
336
429
568
20
331
502
518
913
55
820
325
530
847
444
652
27
297
995
215
559
648
156
68
262
241
295
303
454
472
515
550
609
770
975
457
419
421
912
77
106
161
182
203
318
337
384
564
682
709
882
883
900
524
551
802
725
701
766
825
688
940
452
778
794
851
963
984
70
985
611
773
332
630
991
467
863
17
254
330
97
151
512
739
751
893
117
217
48
113
362
376
423
860
864
459
957
606
114
232
982
307
503
520
198
160
651
327
428
610
279
283
392
746
101
676
644
163
978
92
98
660
855
5
439
583
103
905
695
490
298
377
817
227
358
670
790
514
37
228
259
340
416
892
221
903
247
282
284
547
811
281
286
317
724
16
972
461
422
100
716
526
112
788
738
139
436
449
768
245
961
257
553
440
411
104
966
705
517
528
95
425
776
987
13
7
38
144
476
850
931
980
735
842
875
831
468
374
465
722
690
226
368
371
531
620
664
450
26
69
314
145
953
224
481
712
884
718
344
372
417
39
366
792
713
